sim_time,vehicle_id,rsu_id,pos_x,pos_y,speed,heading,accel,is_poisoned,detected,sig_mask,psi_score,attack_number,attack_pct,attacker_class,gt_pos_x,gt_pos_y,gt_speed
7.00222,9,27,1502.11,1357.52,0,0,0,0,0,0,0,7,60,0,1741.77,958.184,0.66
7.01704,29,27,1650.21,1219.74,0,-0.0735042,0,1,0,0,0,7,60,4,1558.61,1589.24,0
7.01481,26,27,1501.03,1354.51,0,0,0,0,0,0,0,7,60,0,1989.18,2222.24,0
7.01333,24,28,1718.23,1273.17,0.708016,2.73341,0,1,0,0,0,7,60,4,2293.25,1877.18,0
7.03481,53,20,1724.98,976.04,0,-0.0732911,0,1,0,0,0,7,60,4,1223.22,2090.82,0
7.03704,56,20,1785.49,1041.14,0,-0.0731982,0,1,0,0,0,7,60,4,1663.42,1237.34,0
7.0437,65,20,1719.13,979.98,0,0,0,0,0,0,0,7,60,0,1431.33,994.63,0
7.04444,66,43,1602.31,1786.36,0,-0.0730762,0,1,0,0,0,7,60,4,1607.12,1826.99,0
7.04815,71,18,1431.33,994.63,0,-0.0730688,0,1,0,0,0,7,60,4,1438.23,995.98,0
7.05333,78,18,1445.12,997.33,0,-0.0730314,0,1,0,0,0,7,60,4,1299.94,1284.72,0
7.05407,79,19,1587,1105.62,0,-0.072975,0,1,0,0,0,7,60,4,1833.08,1765.78,0
7.06444,93,19,1490.23,1006.13,0,0,0,0,0,0,0,7,60,0,1890.39,1903.1,15.57
7.06593,95,26,1266.23,1300.68,0,0,0,0,0,0,0,7,60,0,1418.07,805.78,0
7.06667,96,19,1583.37,1099.64,0,-0.0728566,0,1,1,32,0.15,7,60,4,1199.25,1423.47,8.71
7.07037,101,10,1418.07,805.78,0,0,0,0,0,0,0,7,60,0,1730.82,941.03,0
7.08148,116,28,1705.62,1277.64,0.02,2.67795,0,0,0,0,0,7,60,0,1896.52,2153.25,13.33
7.07704,110,11,1446.94,765.228,9.50468,0.143728,0,1,0,0,0,7,60,4,1705.62,1277.64,0.02
7.09111,129,19,1459.93,998.13,0,0,0,0,1,128,0.1,7,60,0,2305.76,1155.44,0
7.08074,115,21,2067.02,1044.35,0,-0.0725578,0,1,0,0,0,7,60,4,1462.3,1001.73,0
7.08963,127,46,2321.23,1878.77,0,-0.0725459,0,1,0,0,0,7,60,4,1301.91,1280.86,0
7.10222,9,27,1502.11,1357.52,0,0,0,0,0,0,0,7,60,0,1741.83,958.202,0.66
7.09185,130,45,2094.19,1871.45,0,-0.0723811,0,1,0,0,0,7,60,4,1894.23,1888.89,0
7.11333,24,28,1718.18,1273.18,0.707313,2.73446,0,1,0,0,0,7,60,4,2293.25,1877.18,0
7.11481,26,27,1501.03,1354.51,0,0,0,0,0,0,0,7,60,0,1989.18,2222.24,0
7.11704,29,27,1650.21,1219.74,0,-0.0722906,0,1,1,32,0.15,7,60,4,1558.61,1589.24,0
7.13481,53,20,1724.98,976.04,0,-0.0720363,0,1,1,32,0.15,7,60,4,1223.22,2090.82,0
7.13704,56,20,1785.49,1041.14,0,-0.0720039,0,1,1,32,0.15,7,60,4,1663.42,1237.34,0
7.1437,65,20,1719.13,979.98,0,0,0,0,0,0,0,7,60,0,1431.33,994.63,0
7.14444,66,43,1602.31,1786.36,0,-0.0718941,0,1,0,0,0,7,60,4,1607.12,1826.99,0
7.14815,71,18,1431.33,994.63,0,-0.0718383,0,1,1,128,0.1,7,60,4,1438.23,995.98,0
7.15333,78,18,1445.12,997.33,0,-0.0717597,0,1,0,0,0,7,60,4,1299.94,1284.72,0
7.15407,79,19,1587,1105.62,0,-0.0717485,0,1,1,32,0.15,7,60,4,1833.08,1765.78,0
7.16444,93,19,1490.23,1006.13,0,0,0,0,0,0,0,7,60,0,1891.86,1902.83,15.57
7.16593,95,26,1266.23,1300.68,0,0,0,0,0,0,0,7,60,0,1418.07,805.78,0
7.16667,96,19,1583.37,1099.64,0,-0.071553,0,1,1,32,0.15,7,60,4,1199.2,1422.67,8.71
7.17037,101,10,1418.07,805.78,0,0,0,0,1,128,0.1,7,60,0,1730.82,941.03,0
7.17704,110,11,1447.63,765.381,9.49464,0.144998,0,1,0,0,0,7,60,4,1705.62,1277.64,0.02
7.18074,115,21,2067.02,1044.35,0,-0.0713281,0,1,0,0,0,7,60,4,1462.3,1001.73,0
7.18148,116,28,1705.62,1277.64,0.02,2.67795,0,0,0,0,0,7,60,0,1896.31,2151.94,13.33
7.18963,127,46,2321.23,1878.77,0,-0.0711827,0,1,0,0,0,7,60,4,1301.91,1280.86,0
7.19111,129,19,1459.93,998.13,0,0,0,0,0,0,0,7,60,0,2305.76,1155.44,0
7.19185,130,45,2094.19,1871.45,0,-0.0711457,0,1,0,0,0,7,60,4,1894.23,1888.89,0
7.20222,9,27,1502.11,1357.52,0,0,0,0,0,0,0,7,60,0,1741.89,958.221,0.66
7.21333,24,28,1718.13,1273.2,0.706444,2.73602,0,1,0,0,0,7,60,4,2293.25,1877.18,0
7.21481,26,27,1501.03,1354.51,0,0,0,0,0,0,0,7,60,0,1989.18,2222.24,0
7.21704,29,27,1650.21,1219.74,0,-0.0707162,0,1,1,32,0.15,7,60,4,1558.61,1589.24,0
7.23481,53,20,1724.98,976.04,0,-0.0704,0,1,1,32,0.15,7,60,4,1223.22,2090.82,0
7.23704,56,20,1785.49,1041.14,0,-0.0703596,0,1,1,32,0.15,7,60,4,1663.42,1237.34,0
7.2437,65,20,1719.13,979.98,0,0,0,0,0,0,0,7,60,0,1431.33,994.63,0
7.24444,66,43,1602.31,1786.36,0,-0.070224,0,1,0,0,0,7,60,4,1607.12,1826.99,0
7.24815,71,18,1431.33,994.63,0,-0.0701555,0,1,0,0,0,7,60,4,1438.23,995.98,0
7.25333,78,18,1445.12,997.33,0,-0.0700589,0,1,0,0,0,7,60,4,1299.94,1284.72,0
7.25407,79,19,1587,1105.62,0,-0.070045,0,1,1,96,0.2,7,60,4,1833.08,1765.78,0
7.26444,93,19,1490.23,1006.13,0,0,0,0,0,0,0,7,60,0,1893.39,1902.55,15.57
7.26593,95,26,1266.23,1300.68,0,0,0,0,0,0,0,7,60,0,1418.07,805.78,0
7.26667,96,19,1583.37,1099.64,0,-0.0698059,0,1,1,32,0.15,7,60,4,1199.15,1421.8,8.71
7.27037,101,10,1418.07,805.78,0,0,0,0,0,0,0,7,60,0,1730.82,941.03,0
7.27704,110,11,1448.33,765.533,9.48263,0.146781,0,1,0,0,0,7,60,4,1705.62,1277.64,0.02
7.28074,115,21,2067.02,1044.35,0,-0.0695322,0,1,0,0,0,7,60,4,1462.3,1001.73,0
7.28148,116,28,1705.61,1277.64,0.02,2.67795,0,0,0,0,0,7,60,0,1896.09,2150.63,13.33
7.28963,127,46,2321.23,1878.77,0,-0.069356,0,1,0,0,0,7,60,4,1301.91,1280.86,0
7.29111,129,19,1459.93,998.13,0,0,0,0,0,0,0,7,60,0,2305.76,1155.44,0
7.29185,130,45,2094.19,1871.45,0,-0.0693117,0,1,0,0,0,7,60,4,1894.23,1888.89,0
7.30222,9,27,1502.11,1357.52,0,0,0,0,0,0,0,7,60,0,1741.95,958.241,0.66
7.31333,24,28,1718.08,1273.22,0.705536,2.73793,0,1,0,0,0,7,60,4,2293.25,1877.18,0
7.31481,26,27,1501.03,1354.51,0,0,0,0,0,0,0,7,60,0,1989.18,2222.24,0
7.31704,29,27,1650.21,1219.74,0,-0.0687957,0,1,1,32,0.15,7,60,4,1558.61,1589.24,0
7.33481,53,20,1724.98,976.04,0,-0.0684186,0,1,1,32,0.15,7,60,4,1223.22,2090.82,0
7.33704,56,20,1785.49,1041.14,0,-0.0683709,0,1,1,32,0.15,7,60,4,1663.42,1237.34,0
7.3437,65,20,1719.13,979.98,0,0,0,0,0,0,0,7,60,0,1431.33,994.63,0
7.34444,66,43,1602.31,1786.36,0,-0.06821,0,1,0,0,0,7,60,4,1607.12,1826.99,0
7.34815,71,18,1431.33,994.63,0,-0.0681291,0,1,0,0,0,7,60,4,1438.23,995.98,0
7.35333,78,18,1445.12,997.33,0,-0.0680146,0,1,0,0,0,7,60,4,1299.94,1284.72,0
7.35407,79,19,1587,1105.62,0,-0.0679982,0,1,1,96,0.2,7,60,4,1833.08,1765.78,0
7.36444,93,19,1490.23,1006.13,0,0,0,0,0,0,0,7,60,0,1894.92,1902.27,15.57
7.36593,95,26,1266.23,1300.68,0,0,0,0,0,0,0,7,60,0,1418.07,805.78,0
7.36667,96,19,1583.37,1099.64,0,-0.0677166,0,1,1,32,0.15,7,60,4,1199.1,1420.93,8.71
7.37037,101,10,1418.07,805.78,0,0,0,0,0,0,0,7,60,0,1730.82,941.03,0
7.37704,110,11,1449.02,765.686,9.47009,0.148905,0,1,0,0,0,7,60,4,1705.61,1277.64,0.02
7.38074,115,21,2067.02,1044.35,0,-0.0673959,0,1,0,0,0,7,60,4,1462.3,1001.73,0
7.38148,116,28,1705.61,1277.64,0.02,2.67795,0,0,0,0,0,7,60,0,1895.87,2149.31,13.33
7.38963,127,46,2321.23,1878.77,0,-0.0671897,0,1,0,0,0,7,60,4,1301.91,1280.86,0
7.39111,129,19,1459.93,998.13,0,0,0,0,0,0,0,7,60,0,2305.76,1155.44,0
7.39185,130,45,2094.19,1871.45,0,-0.0671379,0,1,0,0,0,7,60,4,1894.23,1888.89,0
7.40222,9,27,1502.11,1357.52,0,0,0,0,0,0,0,7,60,0,1742.01,958.26,0.66
7.41333,24,28,1718.03,1273.24,0.704588,2.74017,0,1,0,0,0,7,60,4,2293.25,1877.18,0
7.41481,26,27,1501.03,1354.51,0,0,0,0,0,0,0,7,60,0,1989.18,2222.24,0
7.41704,29,27,1650.21,1219.74,0,-0.0665382,0,1,1,32,0.15,7,60,4,1558.61,1589.24,0
7.43481,53,20,1724.98,976.04,0,-0.0661024,0,1,1,32,0.15,7,60,4,1223.22,2090.82,0
7.43704,56,20,1785.49,1041.14,0,-0.066047,0,1,1,32,0.15,7,60,4,1663.42,1237.34,0
7.4437,65,20,1719.13,979.98,0,0,0,0,0,0,0,7,60,0,1431.33,994.63,0
7.44444,66,43,1602.31,1786.36,0,-0.0658618,0,1,0,0,0,7,60,4,1607.12,1826.99,0
7.44815,71,18,1431.33,994.63,0,-0.0657686,0,1,0,0,0,7,60,4,1438.23,995.98,0
7.45333,78,18,1445.12,997.33,0,-0.0656375,0,1,0,64,0.05,7,60,4,1299.94,1284.72,0
7.45407,79,19,1587,1105.62,0,-0.0656187,0,1,1,96,0.2,7,60,4,1833.08,1765.78,0
7.46444,93,19,1490.23,1006.13,0,0,0,0,0,0,0,7,60,0,1896.45,1901.98,15.57
7.46593,95,26,1266.23,1300.68,0,0,0,0,0,0,0,7,60,0,1418.07,805.78,0
7.46667,96,19,1583.37,1099.64,0,-0.0652959,0,1,1,32,0.15,7,60,4,1199.05,1420.06,8.71
7.47037,101,10,1418.07,805.78,0,0,0,0,0,0,0,7,60,0,1730.82,941.03,0
7.47704,110,11,1449.72,765.839,9.45704,0.15136,0,1,0,0,0,7,60,4,1705.61,1277.64,0.02
7.48074,115,21,2067.02,1044.35,0,-0.0649291,0,1,0,0,0,7,60,4,1462.3,1001.73,0
7.48148,116,28,1705.61,1277.64,0.02,2.67795,0,0,0,0,0,7,60,0,1895.65,2148,13.33
7.48963,127,46,2321.23,1878.77,0,-0.0646942,0,1,0,0,0,7,60,4,1301.91,1280.86,0
7.49111,129,19,1459.93,998.13,0,0,0,0,0,0,0,7,60,0,2305.76,1155.44,0
7.49185,130,45,2094.19,1871.45,0,-0.0646353,0,1,0,0,0,7,60,4,1894.23,1888.89,0
7.50222,9,27,1502.11,1357.52,0,0,0,0,0,0,0,7,60,0,1742.08,958.279,0.66
7.51333,24,28,1717.98,1273.25,0.703603,2.74274,0,1,0,0,0,7,60,4,2293.25,1877.18,0
7.51481,26,27,1501.03,1354.51,0,0,0,0,0,0,0,7,60,0,1989.18,2222.24,0
7.51704,29,27,1650.21,1219.74,0,-0.0639545,0,1,1,32,0.15,7,60,4,1558.61,1589.24,0
7.53481,53,20,1724.98,976.04,0,-0.063462,0,1,1,32,0.15,7,60,4,1223.22,2090.82,0
7.53704,56,20,1785.49,1041.14,0,-0.0633999,0,1,1,32,0.15,7,60,4,1663.42,1237.34,0
7.5437,65,20,1719.13,979.98,0,0,0,0,0,0,0,7,60,0,1431.33,994.63,0
7.54444,66,43,1602.31,1786.36,0,-0.0631914,0,1,0,0,0,7,60,4,1607.12,1826.99,0
7.54815,71,18,1431.33,994.63,0,-0.0630864,0,1,0,0,0,7,60,4,1438.23,995.98,0
7.55333,78,18,1445.12,997.33,0,-0.0629385,0,1,0,64,0.05,7,60,4,1299.94,1284.72,0
7.55407,79,19,1587,1105.62,0,-0.0629174,0,1,1,96,0.2,7,60,4,1833.08,1765.78,0
7.56444,93,19,1490.23,1006.13,0,0,0,0,0,0,0,7,60,0,1897.98,1901.7,15.57
7.56593,95,26,1266.23,1300.68,0,0,0,0,0,0,0,7,60,0,1418.07,805.78,0
7.56667,96,19,1583.37,1099.64,0,-0.0625554,0,1,1,32,0.15,7,60,4,1199,1419.19,8.71
7.57037,101,10,1418.07,805.78,0,0,0,0,0,0,0,7,60,0,1730.82,941.03,0
7.57704,110,11,1450.41,765.992,9.44349,0.154133,0,1,0,0,0,7,60,4,1705.61,1277.65,0.02
7.58074,115,21,2067.02,1044.35,0,-0.0621446,0,1,0,0,0,7,60,4,1462.3,1001.73,0
7.58148,116,28,1705.61,1277.65,0.02,2.67795,0,0,0,0,0,7,60,0,1895.44,2146.68,13.33
7.58963,127,46,2321.23,1878.77,0,-0.0618823,0,1,0,0,0,7,60,4,1301.91,1280.86,0
7.59111,129,19,1459.93,998.13,0,0,0,0,0,0,0,7,60,0,2305.76,1155.44,0
7.59185,130,45,2094.19,1871.45,0,-0.0618161,0,1,0,0,0,7,60,4,1894.23,1888.89,0
7.60222,9,27,1502.11,1357.52,0,0,0,0,0,0,0,7,60,0,1742.14,958.298,0.66
7.61333,24,28,1717.93,1273.27,0.702581,2.74563,0,1,0,0,0,7,60,4,2293.25,1877.18,0
7.61481,26,27,1501.03,1354.51,0,0,0,0,0,0,0,7,60,0,1989.18,2222.24,0
7.61704,29,27,1650.21,1219.74,0,-0.061058,0,1,1,32,0.15,7,60,4,1558.61,1589.24,0
7.63481,53,20,1724.98,976.04,0,-0.0605112,0,1,1,32,0.15,7,60,4,1223.22,2090.82,0
7.63704,56,20,1785.49,1041.14,0,-0.060442,0,1,1,32,0.15,7,60,4,1663.42,1237.34,0
7.6437,65,20,1719.13,979.98,0,0,0,0,0,0,0,7,60,0,1431.33,994.63,0
7.64444,66,43,1602.31,1786.36,0,-0.060211,0,1,0,0,0,7,60,4,1607.12,1826.99,0
7.64815,71,18,1431.33,994.63,0,-0.0600948,0,1,0,0,0,7,60,4,1438.23,995.98,0
7.65333,78,18,1445.12,997.33,0,-0.0599317,0,1,0,64,0.05,7,60,4,1299.94,1284.72,0
7.65407,79,19,1587,1105.62,0,-0.0599083,0,1,1,96,0.2,7,60,4,1833.08,1765.78,0
7.66444,93,19,1490.23,1006.13,0,0,0,0,0,0,0,7,60,0,1899.51,1901.41,15.57
7.66593,95,26,1266.23,1300.68,0,0,0,0,0,0,0,7,60,0,1418.07,805.78,0
7.66667,96,19,1583.37,1099.64,0,-0.0595082,0,1,1,32,0.15,7,60,4,1198.95,1418.32,8.71
7.67037,101,10,1418.07,805.78,0,0,0,0,0,0,0,7,60,0,1730.82,941.03,0
7.67704,110,11,1451.11,766.145,9.42945,0.15721,0,1,0,0,0,7,60,4,1705.61,1277.65,0.02
7.68074,115,21,2067.02,1044.35,0,-0.0590558,0,1,0,0,0,7,60,4,1462.3,1001.73,0
7.68148,116,28,1705.61,1277.65,0.02,2.67795,0,0,0,0,0,7,60,0,1895.22,2145.37,13.33
7.68963,127,46,2321.23,1878.77,0,-0.0587668,0,1,0,0,0,7,60,4,1301.91,1280.86,0
7.69111,129,19,1459.93,998.13,0,0,0,0,0,0,0,7,60,0,2305.76,1155.44,0
7.69185,130,45,2094.19,1871.45,0,-0.0586944,0,1,0,0,0,7,60,4,1894.23,1888.89,0
7.70222,9,27,1502.11,1357.52,0,0,0,0,0,0,0,7,60,0,1742.2,958.318,0.66
7.71333,24,28,1717.88,1273.29,0.701523,2.74881,0,1,0,0,0,7,60,4,2293.25,1877.18,0
7.71481,26,27,1501.03,1354.51,0,0,0,0,0,0,0,7,60,0,1989.18,2222.24,0
7.71704,29,27,1650.21,1219.74,0,-0.0578619,0,1,1,32,0.15,7,60,4,1558.61,1589.24,0
7.73481,53,20,1724.98,976.04,0,-0.0572635,0,1,1,32,0.15,7,60,4,1223.22,2090.82,0
7.73704,56,20,1785.49,1041.14,0,-0.0571883,0,1,1,32,0.15,7,60,4,1663.42,1237.34,0
7.7437,65,20,1719.13,979.98,0,0,0,0,0,0,0,7,60,0,1431.33,994.63,0
7.74444,66,43,1602.31,1786.36,0,-0.0569362,0,1,0,0,0,7,60,4,1607.12,1826.99,0
7.74815,71,18,1431.33,994.63,0,-0.0568093,0,1,0,0,0,7,60,4,1438.23,995.98,0
7.75333,78,18,1445.12,997.33,0,-0.0566309,0,1,0,64,0.05,7,60,4,1299.94,1284.72,0
7.75407,79,19,1587,1105.62,0,-0.0566054,0,1,1,96,0.2,7,60,4,1833.08,1765.78,0
7.76444,93,19,1490.23,1006.13,0,0,0,0,0,0,0,7,60,0,1901.04,1901.13,15.57
7.76593,95,26,1266.23,1300.68,0,0,0,0,0,0,0,7,60,0,1418.07,805.78,0
7.76667,96,19,1583.37,1099.64,0,-0.0561698,0,1,1,32,0.15,7,60,4,1198.89,1417.45,8.71
7.77037,101,10,1418.07,805.78,0,0,0,0,0,0,0,7,60,0,1730.82,941.03,0
7.77704,110,11,1451.8,766.298,9.41493,0.160578,0,1,0,0,0,7,60,4,1705.61,1277.65,0.02
7.78074,115,21,2067.02,1044.35,0,-0.0556773,0,1,0,0,0,7,60,4,1462.3,1001.73,0
7.78148,116,28,1705.61,1277.65,0.02,2.67795,0,0,0,0,0,7,60,0,1895,2144.05,13.33
7.78963,127,46,2321.23,1878.77,0,-0.0553638,0,1,0,0,0,7,60,4,1301.91,1280.86,0
7.79111,129,19,1459.93,998.13,0,0,0,0,0,0,0,7,60,0,2305.76,1155.44,0
7.79185,130,45,2094.19,1871.45,0,-0.0552848,0,1,0,0,0,7,60,4,1894.23,1888.89,0
7.80222,9,27,1502.11,1357.52,0,0,0,0,0,0,0,7,60,0,1742.27,958.337,0.66
7.81333,24,28,1717.83,1273.31,0.70043,2.75228,0,1,0,0,0,7,60,4,2293.25,1877.18,0
7.81481,26,27,1501.03,1354.51,0,0,0,0,0,0,0,7,60,0,1989.18,2222.24,0
7.81704,29,27,1650.21,1219.74,0,-0.0543829,0,1,1,32,0.15,7,60,4,1558.61,1589.24,0
7.83481,53,20,1724.98,976.04,0,-0.0537359,0,1,1,32,0.15,7,60,4,1223.22,2090.82,0
7.83704,56,20,1785.49,1041.14,0,-0.0536547,0,1,1,32,0.15,7,60,4,1663.42,1237.34,0
7.8437,65,20,1719.13,979.98,0,0,0,0,0,0,0,7,60,0,1431.33,994.63,0
7.84444,66,43,1602.31,1786.36,0,-0.053382,0,1,0,0,0,7,60,4,1607.12,1826.99,0
7.84815,71,18,1431.33,994.63,0,-0.053245,0,1,0,0,0,7,60,4,1438.23,995.98,0
7.85333,78,18,1445.12,997.33,0,-0.0530531,0,1,0,64,0.05,7,60,4,1299.94,1284.72,0
7.85407,79,19,1587,1105.62,0,-0.0530257,0,1,1,96,0.2,7,60,4,1833.08,1765.78,0
7.86444,93,19,1490.23,1006.13,0,0,0,0,0,0,0,7,60,0,1902.57,1900.85,15.57
7.86593,95,26,1266.23,1300.68,0,0,0,0,0,0,0,7,60,0,1418.07,805.78,0
7.86667,96,19,1583.37,1099.64,0,-0.0525559,0,1,1,32,0.15,7,60,4,1198.84,1416.58,8.71
7.87037,101,10,1418.07,805.78,0,0,0,0,0,0,0,7,60,0,1730.82,941.03,0
7.87704,110,11,1452.5,766.451,9.39995,0.164219,0,1,0,0,0,7,60,4,1705.6,1277.65,0.02
7.88074,115,21,2067.02,1044.35,0,-0.0520266,0,1,0,0,0,7,60,4,1462.3,1001.73,0
7.88148,116,28,1705.6,1277.65,0.02,2.67795,0,0,0,0,0,7,60,0,1894.79,2142.74,13.33
7.88963,127,46,2321.23,1878.77,0,-0.0516893,0,1,0,0,0,7,60,4,1301.91,1280.86,0
7.89111,129,19,1459.93,998.13,0,0,0,0,0,0,0,7,60,0,2305.76,1155.44,0
7.89185,130,45,2094.19,1871.45,0,-0.0516044,0,1,0,0,0,7,60,4,1894.23,1888.89,0
7.90222,9,27,1502.11,1357.52,0,0,0,0,0,0,0,7,60,0,1742.33,958.356,0.66
7.91333,24,28,1717.78,1273.32,0.699302,2.75602,0,1,0,0,0,7,60,4,2293.25,1877.18,0
7.91481,26,27,1501.03,1354.51,0,0,0,0,0,0,0,7,60,0,1989.18,2222.24,0
7.91704,29,27,1650.21,1219.74,0,-0.050637,0,1,1,32,0.15,7,60,4,1558.61,1589.24,0
7.93481,53,20,1724.98,976.04,0,-0.049945,0,1,1,32,0.15,7,60,4,1223.22,2090.82,0
7.93704,56,20,1785.49,1041.14,0,-0.0498577,0,1,1,32,0.15,7,60,4,1663.42,1237.34,0
7.9437,65,20,1719.13,979.98,0,0,0,0,0,0,0,7,60,0,1431.33,994.63,0
7.94444,66,43,1602.31,1786.36,0,-0.0495663,0,1,0,0,0,7,60,4,1607.12,1826.99,0
7.94815,71,18,1431.33,994.63,0,-0.0494204,0,1,0,0,0,7,60,4,1438.23,995.98,0
7.95333,78,18,1445.12,997.33,0,-0.0492156,0,1,0,64,0.05,7,60,4,1299.94,1284.72,0
7.95407,79,19,1587,1105.62,0,-0.0491862,0,1,1,96,0.2,7,60,4,1833.08,1765.78,0
7.96444,93,19,1490.23,1006.13,0,0,0,0,0,0,0,7,60,0,1904.1,1900.56,15.57
7.96593,95,26,1266.23,1300.68,0,0,0,0,0,0,0,7,60,0,1418.07,805.78,0
7.96667,96,19,1583.37,1099.64,0,-0.0486851,0,1,1,32,0.15,7,60,4,1198.79,1415.71,8.71
7.97037,101,10,1418.07,805.78,0,0,0,0,0,0,0,7,60,0,1730.82,941.03,0
7.97704,110,11,1453.19,766.604,9.38452,0.168116,0,1,0,0,0,7,60,4,1705.6,1277.65,0.02
7.98074,115,21,2067.02,1044.35,0,-0.0481205,0,1,0,0,0,7,60,4,1462.3,1001.73,0
7.98148,116,28,1705.6,1277.65,0.02,2.67795,0,0,0,0,0,7,60,0,1894.57,2141.42,13.33
7.98963,127,46,2321.23,1878.77,0,-0.0477615,0,1,0,0,0,7,60,4,1301.91,1280.86,0
7.99111,129,19,1459.93,998.13,0,0,0,0,0,0,0,7,60,0,2305.76,1155.44,0
7.99185,130,45,2094.19,1871.45,0,-0.0476718,0,1,0,0,0,7,60,4,1894.23,1888.89,0
8.00222,9,27,1502.11,1357.52,0,0,0,0,0,0,0,7,60,0,1742.39,958.375,0
8.01333,24,28,1717.73,1273.34,0.36883,2.74228,-2.5,1,0,0,0,7,60,4,2293.25,1877.18,0
8.01481,26,27,1501.03,1354.51,0,0,0,0,0,0,0,7,60,0,1989.18,2222.24,0
8.01704,29,27,1650.21,1219.74,0,-0.0466435,0,1,0,0,0,7,60,4,1558.61,1589.24,0
8.03481,53,20,1724.98,976.04,0,-0.045909,0,1,1,32,0.15,7,60,4,1223.22,2090.82,0
8.03704,56,20,1785.49,1041.14,0,-0.045817,0,1,0,0,0,7,60,4,1663.42,1237.34,0
7.04,60,19,1497.15,1007.14,0,0,0,0,0,0,0,7,60,0,1602.31,1786.36,0
8.0437,65,20,1719.13,979.98,0,0,0,0,0,0,0,7,60,0,1431.33,994.63,0
8.04444,66,43,1602.31,1786.36,0,-0.0455081,0,1,0,0,0,7,60,4,1607.12,1826.99,0
8.04815,71,18,1431.33,994.63,0,-0.0453534,0,1,0,0,0,7,60,4,1438.23,995.98,0
8.05333,78,18,1445.12,997.33,0,-0.0451363,0,1,0,64,0.05,7,60,4,1299.94,1284.72,0
8.05407,79,19,1587,1105.62,0,-0.0451054,0,1,1,96,0.2,7,60,4,1833.08,1765.78,0
8.06444,93,19,1490.23,1006.13,0,0,0,0,0,0,0,7,60,0,1905.71,1900.26,16.8
8.06593,95,26,1266.23,1300.68,0,0,0,0,0,0,0,7,60,0,1418.07,805.78,0
8.06667,96,19,1583.37,1099.64,0,-0.0445754,0,1,0,0,0,7,60,4,1198.71,1414.93,8.65
8.07037,101,10,1418.07,805.78,0,0,0,0,0,0,0,7,60,0,1730.82,941.03,0
8.07704,110,11,1453.98,766.776,10.974,0.170893,12.2,1,1,132,0.2,7,60,4,1705.6,1277.65,0
8.08074,115,21,2067.02,1044.35,0,-0.0439789,0,1,0,0,0,7,60,4,1462.3,1001.73,0
8.08148,116,28,1705.6,1277.65,0,0,-0.2,0,1,2,0.1,7,60,0,1894.34,2140.04,14.12
8.08963,127,46,2321.23,1878.77,0,-0.0436004,0,1,0,0,0,7,60,4,1301.91,1280.86,0
8.09111,129,19,1459.93,998.13,0,0,0,0,0,0,0,7,60,0,2305.76,1155.44,0
8.09185,130,45,2094.19,1871.45,0,-0.0435052,0,1,0,0,0,7,60,4,1894.23,1888.89,0
8.10222,9,27,1502.11,1357.52,0,0,0,0,0,0,0,7,60,0,1742.39,958.375,0
8.11333,24,28,1717.7,1273.35,0.368199,2.74649,0,1,0,0,0,7,60,4,2293.25,1877.18,0
8.11481,26,27,1501.03,1354.51,0,0,0,0,0,0,0,7,60,0,1989.18,2222.24,0
8.11704,29,27,1650.21,1219.74,0,-0.0424218,0,1,1,32,0.15,7,60,4,1558.61,1589.24,0
8.13481,53,20,1724.98,976.04,0,-0.0416487,0,1,1,32,0.15,7,60,4,1223.22,2090.82,0
8.13704,56,20,1785.49,1041.14,0,-0.0415514,0,1,1,32,0.15,7,60,4,1663.42,1237.34,0
8.14,60,19,1497.15,1007.14,0,0,0,0,0,0,0,7,60,0,1602.31,1786.36,0
8.1437,65,20,1719.13,979.98,0,0,0,0,0,0,0,7,60,0,1431.33,994.63,0
8.14444,66,43,1602.31,1786.36,0,-0.041227,0,1,0,0,0,7,60,4,1607.12,1826.99,0
8.14815,71,18,1431.33,994.63,0,-0.0410646,0,1,0,0,0,7,60,4,1438.23,995.98,0
8.15333,78,18,1445.12,997.33,0,-0.0408367,0,1,0,64,0.05,7,60,4,1299.94,1284.72,0
8.15407,79,19,1587,1105.62,0,-0.0408039,0,1,1,96,0.2,7,60,4,1833.08,1765.78,0
8.16444,93,19,1490.23,1006.13,0,0,0,0,0,0,0,7,60,0,1907.37,1899.96,16.8
8.16593,95,26,1266.23,1300.68,0,0,0,0,0,0,0,7,60,0,1418.07,805.78,0
8.16667,96,19,1583.37,1099.64,0,-0.0402474,0,1,1,32,0.15,7,60,4,1198.61,1414.07,8.65
8.17037,101,10,1418.07,805.78,0,0,0,0,0,0,0,7,60,0,1730.82,941.03,0
8.17704,110,11,1454.8,766.954,10.9549,0.175242,0,1,1,128,0.1,7,60,4,1705.6,1277.65,0
8.18074,115,21,2067.02,1044.35,0,-0.0396223,0,1,0,0,0,7,60,4,1462.3,1001.73,0
8.18148,116,28,1705.6,1277.65,0,0,0,0,0,0,0,7,60,0,1894.11,2138.65,14.12
8.18963,127,46,2321.23,1878.77,0,-0.0392251,0,1,0,0,0,7,60,4,1301.91,1280.86,0
8.19111,129,19,1459.93,998.13,0,0,0,0,0,0,0,7,60,0,2305.76,1155.44,0
8.19185,130,45,2094.19,1871.45,0,-0.0391259,0,1,0,0,0,7,60,4,1894.23,1888.89,0
8.20222,9,27,1502.11,1357.52,0,0,0,0,0,0,0,7,60,0,1742.39,958.375,0
8.21333,24,28,1717.68,1273.36,0.367553,2.75091,0,1,0,0,0,7,60,4,2293.25,1877.18,0
8.21481,26,27,1501.03,1354.51,0,0,0,0,0,0,0,7,60,0,1989.18,2222.24,0
8.21704,29,27,1650.21,1219.74,0,-0.037992,0,1,1,32,0.15,7,60,4,1558.61,1589.24,0
8.23481,53,20,1724.98,976.04,0,-0.0371842,0,1,1,32,0.15,7,60,4,1223.22,2090.82,0
8.23704,56,20,1785.49,1041.14,0,-0.0370825,0,1,1,32,0.15,7,60,4,1663.42,1237.34,0
8.24,60,19,1497.15,1007.14,0,0,0,0,0,0,0,7,60,0,1602.31,1786.36,0
8.2437,65,20,1719.13,979.98,0,0,0,0,0,0,0,7,60,0,1431.33,994.63,0
8.24444,66,43,1602.31,1786.36,0,-0.0367443,0,1,0,0,0,7,60,4,1607.12,1826.99,0
8.24815,71,18,1431.33,994.63,0,-0.0365744,0,1,0,0,0,7,60,4,1438.23,995.98,0
8.25333,78,18,1445.12,997.33,0,-0.0363367,0,1,0,64,0.05,7,60,4,1299.94,1284.72,0
8.25407,79,19,1587,1105.62,0,-0.0363025,0,1,1,96,0.2,7,60,4,1833.08,1765.78,0
8.26444,93,19,1490.23,1006.13,0,0,0,0,0,0,0,7,60,0,1909.02,1899.65,16.8
8.26593,95,26,1266.23,1300.68,0,0,0,0,0,0,0,7,60,0,1418.07,805.78,0
8.26667,96,19,1583.37,1099.64,0,-0.035723,0,1,1,32,0.15,7,60,4,1198.5,1413.21,8.65
8.27037,101,10,1418.07,805.78,0,0,0,0,0,0,0,7,60,0,1730.82,941.03,0
8.27704,110,11,1455.61,767.132,10.9353,0.179786,0,1,1,128,0.1,7,60,4,1705.6,1277.65,0
8.28074,115,21,2067.02,1044.35,0,-0.0350713,0,1,0,0,0,7,60,4,1462.3,1001.73,0
8.28148,116,28,1705.6,1277.65,0,0,0,0,0,0,0,7,60,0,1893.88,2137.26,14.12
8.28963,127,46,2321.23,1878.77,0,-0.0346583,0,1,0,0,0,7,60,4,1301.91,1280.86,0
8.29111,129,19,1459.93,998.13,0,0,0,0,0,0,0,7,60,0,2305.76,1155.44,0
8.29185,130,45,2094.19,1871.45,0,-0.0345545,0,1,0,0,0,7,60,4,1894.23,1888.89,0
8.30222,9,27,1502.11,1357.52,0,0,0,0,0,0,0,7,60,0,1742.39,958.375,0
8.31333,24,28,1717.65,1273.37,0.366891,2.75552,0,1,0,0,0,7,60,4,2293.25,1877.18,0
8.31481,26,27,1501.03,1354.51,0,0,0,0,0,0,0,7,60,0,1989.18,2222.24,0
8.31704,29,27,1650.21,1219.74,0,-0.0333755,0,1,1,32,0.15,7,60,4,1558.61,1589.24,0
8.33481,53,20,1724.98,976.04,0,-0.0325375,0,1,1,32,0.15,7,60,4,1223.22,2090.82,0
8.33704,56,20,1785.49,1041.14,0,-0.032432,0,1,1,32,0.15,7,60,4,1663.42,1237.34,0
8.34,60,19,1497.15,1007.14,0,0,0,0,0,0,0,7,60,0,1602.31,1786.36,0
8.3437,65,20,1719.13,979.98,0,0,0,0,0,0,0,7,60,0,1431.33,994.63,0
8.34444,66,43,1602.31,1786.36,0,-0.032081,0,1,0,0,0,7,60,4,1607.12,1826.99,0
8.34815,71,18,1431.33,994.63,0,-0.0319053,0,1,0,0,0,7,60,4,1438.23,995.98,0
8.35333,78,18,1445.12,997.33,0,-0.0316589,0,1,0,64,0.05,7,60,4,1299.94,1284.72,0
8.35407,79,19,1587,1105.62,0,-0.0316233,0,1,1,96,0.2,7,60,4,1833.08,1765.78,0
8.36444,93,19,1490.23,1006.13,0,0,0,0,0,0,0,7,60,0,1910.67,1899.34,16.8
8.36593,95,26,1266.23,1300.68,0,0,0,0,0,0,0,7,60,0,1418.07,805.78,0
8.36667,96,19,1583.37,1099.64,0,-0.031023,0,1,1,32,0.15,7,60,4,1198.4,1412.35,8.65
8.37037,101,10,1418.07,805.78,0,0,0,0,0,0,0,7,60,0,1730.82,941.03,0
8.37704,110,11,1456.43,767.31,10.9153,0.184503,0,1,1,128,0.1,7,60,4,1705.6,1277.65,0
8.38074,115,21,2067.02,1044.35,0,-0.0303486,0,1,0,0,0,7,60,4,1462.3,1001.73,0
8.38148,116,28,1705.6,1277.65,0,0,0,0,0,0,0,7,60,0,1893.65,2135.86,14.12
8.38963,127,46,2321.23,1878.77,0,-0.0299211,0,1,0,0,0,7,60,4,1301.91,1280.86,0
8.39111,129,19,1459.93,998.13,0,0,0,0,0,0,0,7,60,0,2305.76,1155.44,0
8.39185,130,45,2094.19,1871.45,0,-0.0298144,0,1,0,0,0,7,60,4,1894.23,1888.89,0
8.40222,9,27,1502.11,1357.52,0,0,0,0,0,0,0,7,60,0,1742.39,958.375,0
8.41333,24,28,1717.62,1273.38,0.366213,2.7603,0,1,0,0,0,7,60,4,2293.25,1877.18,0
8.41481,26,27,1501.03,1354.51,0,0,0,0,0,0,0,7,60,0,1989.18,2222.24,0
8.41704,29,27,1650.21,1219.74,0,-0.0285961,0,1,1,32,0.15,7,60,4,1558.61,1589.24,0
8.43481,53,20,1724.98,976.04,0,-0.0277314,0,1,1,32,0.15,7,60,4,1223.22,2090.82,0
8.43704,56,20,1785.49,1041.14,0,-0.0276227,0,1,1,32,0.15,7,60,4,1663.42,1237.34,0
8.44,60,19,1497.15,1007.14,0,0,0,0,0,0,0,7,60,0,1602.31,1786.36,0
8.4437,65,20,1719.13,979.98,0,0,0,0,0,0,0,7,60,0,1431.33,994.63,0
8.44444,66,43,1602.31,1786.36,0,-0.0272612,0,1,0,0,0,7,60,4,1607.12,1826.99,0
8.44815,71,18,1431.33,994.63,0,-0.0270797,0,1,0,0,0,7,60,4,1438.23,995.98,0
8.45333,78,18,1445.12,997.33,0,-0.0268259,0,1,0,64,0.05,7,60,4,1299.94,1284.72,0
8.45407,79,19,1587,1105.62,0,-0.0267892,0,1,1,96,0.2,7,60,4,1833.08,1765.78,0
8.46444,93,19,1490.23,1006.13,0,0,0,0,0,0,0,7,60,0,1912.32,1899.03,16.8
8.46593,95,26,1266.23,1300.68,0,0,0,0,0,0,0,7,60,0,1418.07,805.78,0
8.46667,96,19,1583.37,1099.64,0,-0.0261711,0,1,1,32,0.15,7,60,4,1198.3,1411.49,8.65
8.47037,101,10,1418.07,805.78,0,0,0,0,0,0,0,7,60,0,1730.82,941.03,0
8.47704,110,11,1457.24,767.488,10.8948,0.189369,0,1,1,128,0.1,7,60,4,1705.6,1277.65,0
8.48074,115,21,2067.02,1044.35,0,-0.0254772,0,1,0,0,0,7,60,4,1462.3,1001.73,0
8.48148,116,28,1705.6,1277.65,0,0,0,0,0,0,0,7,60,0,1893.42,2134.47,14.12
8.48963,127,46,2321.23,1878.77,0,-0.025038,0,1,0,0,0,7,60,4,1301.91,1280.86,0
8.49111,129,19,1459.93,998.13,0,0,0,0,0,0,0,7,60,0,2305.76,1155.44,0
8.49185,130,45,2094.19,1871.45,0,-0.0249277,0,1,0,0,0,7,60,4,1894.23,1888.89,0
8.50222,9,27,1502.11,1357.52,0,0,0,0,0,0,0,7,60,0,1742.39,958.375,0
8.51333,24,28,1717.6,1273.39,0.365521,2.76521,0,1,0,0,0,7,60,4,2293.25,1877.18,0
8.51481,26,27,1501.03,1354.51,0,0,0,0,0,0,0,7,60,0,1989.18,2222.24,0
8.51704,29,27,1650.21,1219.74,0,-0.0236766,0,1,1,32,0.15,7,60,4,1558.61,1589.24,0
8.53481,53,20,1724.98,976.04,0,-0.0227895,0,1,1,32,0.15,7,60,4,1223.22,2090.82,0
8.53704,56,20,1785.49,1041.14,0,-0.022678,0,1,1,32,0.15,7,60,4,1663.42,1237.34,0
8.54,60,19,1497.15,1007.14,0,0,0,0,0,0,0,7,60,0,1602.31,1786.36,0
8.5437,65,20,1719.13,979.98,0,0,0,0,0,0,0,7,60,0,1431.33,994.63,0
8.54815,71,18,1431.33,994.63,0,-0.0221215,0,1,0,0,0,7,60,4,1438.23,995.98,0
8.55333,78,18,1445.12,997.33,0,-0.0218615,0,1,0,64,0.05,7,60,4,1299.94,1284.72,0
8.55407,79,19,1587,1105.62,0,-0.0218239,0,1,1,96,0.2,7,60,4,1833.08,1765.78,0
8.56444,93,19,1490.23,1006.13,0,0,0,0,0,0,0,7,60,0,1913.97,1898.73,16.8
8.56593,95,26,1266.23,1300.68,0,0,0,0,0,0,0,7,60,0,1418.07,805.78,0
8.56667,96,19,1583.37,1099.64,0,-0.021191,0,1,1,32,0.15,7,60,4,1198.19,1410.63,8.65
8.57037,101,10,1418.07,805.78,0,0,0,0,0,0,0,7,60,0,1730.82,941.03,0
8.57704,110,11,1458.06,767.666,10.874,0.194361,0,1,1,128,0.1,7,60,4,1705.6,1277.65,0
8.58074,115,21,2067.02,1044.35,0,-0.020481,0,1,0,0,0,7,60,4,1462.3,1001.73,0
8.58148,116,28,1705.6,1277.65,0,0,0,0,0,0,0,7,60,0,1893.19,2133.08,14.12
8.58963,127,46,2321.23,1878.77,0,-0.0200318,0,1,0,0,0,7,60,4,1301.91,1280.86,0
8.59111,129,19,1459.93,998.13,0,0,0,0,0,0,0,7,60,0,2305.76,1155.44,0
8.59185,130,45,2094.19,1871.45,0,-0.019919,0,1,0,0,0,7,60,4,1894.23,1888.89,0
8.60222,9,27,1502.11,1357.52,0,0,0,0,0,0,0,7,60,0,1742.39,958.375,0
8.61333,24,28,1717.57,1273.4,0.364815,2.77024,0,1,0,0,0,7,60,4,2293.25,1877.18,0
8.61481,26,27,1501.03,1354.51,0,0,0,0,0,0,0,7,60,0,1989.18,2222.24,0
8.61704,29,27,1650.21,1219.74,0,-0.0186418,0,1,1,32,0.15,7,60,4,1558.61,1589.24,0
8.63481,53,20,1724.98,976.04,0,-0.017736,0,1,1,32,0.15,7,60,4,1223.22,2090.82,0
8.63704,56,20,1785.49,1041.14,0,-0.0176223,0,1,1,32,0.15,7,60,4,1663.42,1237.34,0
8.64,60,19,1497.15,1007.14,0,0,0,0,0,0,0,7,60,0,1602.31,1786.36,0
8.6437,65,20,1719.13,979.98,0,0,0,0,0,0,0,7,60,0,1431.33,994.63,0
8.64815,71,18,1431.33,994.63,0,-0.017055,0,1,0,0,0,7,60,4,1438.23,995.98,0
8.65333,78,18,1445.12,997.33,0,-0.01679,0,1,0,64,0.05,7,60,4,1299.94,1284.72,0
8.65407,79,19,1587,1105.62,0,-0.0167517,0,1,1,96,0.2,7,60,4,1833.08,1765.78,0
8.66444,93,19,1490.23,1006.13,0,0,0,0,0,0,0,7,60,0,1915.62,1898.42,16.8
8.66593,95,26,1266.23,1300.68,0,0,0,0,0,0,0,7,60,0,1418.07,805.78,0
8.66667,96,19,1583.37,1099.64,0,-0.0161071,0,1,1,32,0.15,7,60,4,1198.09,1409.77,8.65
8.67037,101,10,1418.07,805.78,0,0,0,0,0,0,0,7,60,0,1730.82,941.03,0
8.67704,110,11,1458.87,767.843,10.8527,0.199455,0,1,1,128,0.1,7,60,4,1705.6,1277.65,0
8.68074,115,21,2067.02,1044.35,0,-0.0153844,0,1,0,0,0,7,60,4,1462.3,1001.73,0
8.68148,116,28,1705.6,1277.65,0,0,0,0,0,0,0,7,60,0,1892.96,2131.69,14.12
8.68963,127,46,2321.23,1878.77,0,-0.0149274,0,1,0,0,0,7,60,4,1301.91,1280.86,0
8.69111,129,19,1459.93,998.13,0,0,0,0,0,0,0,7,60,0,2305.76,1155.44,0
8.69185,130,45,2094.19,1871.45,0,-0.0148133,0,1,0,0,0,7,60,4,1894.23,1888.89,0
8.70222,9,27,1502.11,1357.52,0,0,0,0,0,0,0,7,60,0,1742.39,958.375,0
8.71333,24,28,1717.55,1273.41,0.364096,2.77536,0,1,0,0,0,7,60,4,2293.25,1877.18,0
8.71481,26,27,1501.03,1354.51,0,0,0,0,0,0,0,7,60,0,1989.18,2222.24,0
8.71704,29,27,1650.21,1219.74,0,-0.013515,0,1,1,32,0.15,7,60,4,1558.61,1589.24,0
8.73481,53,20,1724.98,976.04,0,-0.0125956,0,1,1,32,0.15,7,60,4,1223.22,2090.82,0
8.73704,56,20,1785.49,1041.14,0,-0.0124809,0,1,1,32,0.15,7,60,4,1663.42,1237.34,0
8.74,60,19,1497.15,1007.14,0,0,0,0,0,0,0,7,60,0,1602.31,1786.36,0
8.7437,65,20,1719.13,979.98,0,0,0,0,0,0,0,7,60,0,1431.33,994.63,0
8.74815,71,18,1431.33,994.63,0,-0.0119049,0,1,0,0,0,7,60,4,1438.23,995.98,0
8.75333,78,18,1445.12,997.33,0,-0.0116363,0,1,0,64,0.05,7,60,4,1299.94,1284.72,0
8.75407,79,19,1587,1105.62,0,-0.0115975,0,1,1,96,0.2,7,60,4,1833.08,1765.78,0
8.76444,93,19,1490.23,1006.13,0,0,0,0,0,0,0,7,60,0,1917.28,1898.11,16.8
8.76593,95,26,1266.23,1300.68,0,0,0,0,0,0,0,7,60,0,1418.07,805.78,0
8.76667,96,19,1583.37,1099.64,0,-0.0109443,0,1,1,32,0.15,7,60,4,1197.99,1408.92,8.65
8.77037,101,10,1418.07,805.78,0,0,0,0,0,0,0,7,60,0,1730.82,941.03,0
8.77704,110,11,1459.69,768.021,10.831,0.204624,0,1,1,128,0.1,7,60,4,1705.6,1277.65,0
8.78074,115,21,2067.02,1044.35,0,-0.0102126,0,1,0,0,0,7,60,4,1462.3,1001.73,0
8.78148,116,28,1705.6,1277.65,0,0,0,0,0,0,0,7,60,0,1892.72,2130.29,14.12
8.78963,127,46,2321.23,1878.77,0,-0.00974988,0,1,0,0,0,7,60,4,1301.91,1280.86,0
8.79111,129,19,1459.93,998.13,0,0,0,0,0,0,0,7,60,0,2305.76,1155.44,0
8.79185,130,45,2094.19,1871.45,0,-0.00963451,0,1,0,0,0,7,60,4,1894.23,1888.89,0
8.80222,9,27,1502.11,1357.52,0,0,0,0,0,0,0,7,60,0,1742.39,958.375,0
8.81333,24,28,1717.52,1273.42,0.363364,2.78056,0,1,0,0,0,7,60,4,2293.25,1877.18,0
8.81481,26,27,1501.03,1354.51,0,0,0,0,0,0,0,7,60,0,1989.18,2222.24,0
8.81704,29,27,1650.21,1219.74,0,-0.00832201,0,1,1,32,0.15,7,60,4,1558.61,1589.24,0
8.83481,53,20,1724.98,976.04,0,-0.00739352,0,1,1,32,0.15,7,60,4,1223.22,2090.82,0
8.83704,56,20,1785.49,1041.14,0,-0.00727774,0,1,1,32,0.15,7,60,4,1663.42,1237.34,0
8.84,60,19,1497.15,1007.14,0,0,0,0,0,0,0,7,60,0,1602.31,1786.36,0
8.8437,65,20,1719.13,979.98,0,0,0,0,0,0,0,7,60,0,1431.33,994.63,0
8.84815,71,18,1431.33,994.63,0,-0.00669649,0,1,0,0,0,7,60,4,1438.23,995.98,0
8.85333,78,18,1445.12,997.33,0,-0.00642558,0,1,0,64,0.05,7,60,4,1299.94,1284.72,0
8.85407,79,19,1587,1105.62,0,-0.0063864,0,1,1,96,0.2,7,60,4,1833.08,1765.78,0
8.86444,93,19,1490.23,1006.13,0,0,0,0,0,0,0,7,60,0,1918.93,1897.81,16.8
8.86593,95,26,1266.23,1300.68,0,0,0,0,0,0,0,7,60,0,1418.07,805.78,0
8.86667,96,19,1583.37,1099.64,0,-0.00572793,0,1,1,32,0.15,7,60,4,1197.88,1408.06,8.65
8.87037,101,10,1418.07,805.78,0,0,0,0,0,0,0,7,60,0,1730.82,941.03,0
8.87704,110,11,1460.5,768.199,10.809,0.209845,0,1,1,128,0.1,7,60,4,1705.6,1277.65,0
8.88074,115,21,2067.02,1044.35,0,-0.00499066,0,1,0,0,0,7,60,4,1462.3,1001.73,0
8.88148,116,28,1705.6,1277.65,0,0,0,0,0,0,0,7,60,0,1892.49,2128.9,14.12
8.88963,127,46,2321.23,1878.77,0,-0.00452529,0,1,0,0,0,7,60,4,1301.91,1280.86,0
8.89111,129,19,1459.93,998.13,0,0,0,0,0,0,0,7,60,0,2305.76,1155.44,0
8.89185,130,45,2094.19,1871.45,0,-0.00440847,0,1,0,0,0,7,60,4,1894.23,1888.89,0
8.90222,9,27,1502.11,1357.52,0,0,0,0,0,0,0,7,60,0,1742.39,958.375,0
8.91333,24,28,1717.49,1273.43,0.36262,2.78579,0,1,0,0,0,7,60,4,2293.25,1877.18,0
8.91481,26,27,1501.03,1354.51,0,0,0,0,0,0,0,7,60,0,1989.18,2222.24,0
8.91704,29,27,1650.21,1219.74,0,-0.00308828,0,1,1,32,0.15,7,60,4,1558.61,1589.24,0
8.93481,53,20,1724.98,976.04,0,-0.00215522,0,1,1,32,0.15,7,60,4,1223.22,2090.82,0
8.93704,56,20,1785.49,1041.14,0,-0.00203893,0,1,1,32,0.15,7,60,4,1663.42,1237.34,0
8.94,60,19,1497.15,1007.14,0,0,0,0,0,0,0,7,60,0,1602.31,1786.36,0
8.9437,65,20,1719.13,979.98,0,0,0,0,0,0,0,7,60,0,1431.33,994.63,0
8.94815,71,18,1431.33,994.63,0,-0.00145529,0,1,0,0,0,7,60,4,1438.23,995.98,0
8.95333,78,18,1445.12,997.33,0,-0.00118338,0,1,0,64,0.05,7,60,4,1299.94,1284.72,0
8.95407,79,19,1587,1105.62,0,-0.00114475,0,1,1,96,0.2,7,60,4,1833.08,1765.78,0
8.96444,93,19,1490.23,1006.13,0,0,0,0,0,0,0,7,60,0,1920.58,1897.5,16.8
8.96593,95,26,1266.23,1300.68,0,0,0,0,0,0,0,7,60,0,1418.07,805.78,0
8.96667,96,19,1583.37,1099.64,0,-0.00048348,0,1,1,32,0.15,7,60,4,1197.78,1407.2,8.65
8.97037,101,10,1418.07,805.78,0,0,0,0,0,0,0,7,60,0,1730.82,941.03,0
8.97704,110,11,1461.31,768.377,10.7866,0.215091,0,1,1,128,0.1,7,60,4,1705.6,1277.65,0
8.98074,115,21,2067.02,1044.35,0,0.00025568,0,1,0,0,0,7,60,4,1462.3,1001.73,0
8.98148,116,28,1705.6,1277.65,0,0,0,0,0,0,0,7,60,0,1892.26,2127.51,14.12
8.98963,127,46,2321.23,1878.77,0,0.000722136,0,1,0,0,0,7,60,4,1301.91,1280.86,0
8.99111,129,19,1459.93,998.13,0,0,0,0,0,0,0,7,60,0,2305.76,1155.44,0
8.99185,130,45,2094.19,1871.45,0,0.000839156,0,1,0,0,0,7,60,4,1894.23,1888.89,0
9.00222,9,27,1502.11,1357.52,0,0,0,0,0,0,0,7,60,0,1742.39,958.375,0
9.01333,24,28,1717.47,1273.44,0.155085,2.79377,-1.6,1,0,0,0,7,60,4,2293.25,1877.18,0
9.01481,26,27,1501.03,1354.51,0,0,0,0,0,0,0,7,60,0,1989.18,2222.24,0
9.01704,29,27,1650.21,1219.74,0,0.00216094,0,1,0,0,0,7,60,4,1558.61,1589.24,0
9.03481,53,20,1724.98,976.04,0,0.00309343,0,1,1,32,0.15,7,60,4,1223.22,2090.82,0
9.03704,56,20,1785.49,1041.14,0,0.00321034,0,1,0,0,0,7,60,4,1663.42,1237.34,0
9.04,60,19,1497.15,1007.14,0,0,0,0,0,0,0,7,60,0,1602.31,1786.36,0
9.0437,65,20,1719.13,979.98,0,0,0,0,0,0,0,7,60,0,1431.33,994.63,0
9.04815,71,18,1431.33,994.63,0,0.00379269,0,1,0,0,0,7,60,4,1438.23,995.98,0
9.05333,78,18,1445.12,997.33,0,0.00406455,0,1,0,64,0.05,7,60,4,1299.94,1284.72,0
9.05407,79,19,1587,1105.62,0,0.00410326,0,1,1,96,0.2,7,60,4,1833.08,1765.78,0
9.06444,93,19,1490.23,1006.13,0,0,0,0,0,0,0,7,60,0,1922.31,1897.18,18.04
9.06593,95,26,1266.23,1300.68,0,0,0,0,0,0,0,7,60,0,1418.07,805.78,0
9.06667,96,19,1583.37,1099.64,0,0.00476328,0,1,0,0,0,7,60,4,1197.78,1406.54,6.1
9.07037,101,10,1418.07,805.78,0,0,0,0,0,0,0,7,60,0,1730.82,941.03,0
9.07704,110,11,1462.19,768.569,11.719,0.221942,7.4,1,1,132,0.2,7,60,4,1705.6,1277.65,0
9.08074,115,21,2067.02,1044.35,0,0.00550077,0,1,0,0,0,7,60,4,1462.3,1001.73,0
9.08148,116,28,1705.6,1277.65,0,0,0,0,0,0,0,7,60,0,1892.03,2126.08,14.5
9.08963,127,46,2321.23,1878.77,0,0.00596585,0,1,0,0,0,7,60,4,1301.91,1280.86,0
9.09111,129,19,1459.93,998.13,0,0,0,0,0,0,0,7,60,0,2305.76,1155.44,0
9.09185,130,45,2094.19,1871.45,0,0.0060825,0,1,0,0,0,7,60,4,1894.23,1888.89,0
9.10222,9,27,1502.11,1357.52,0,0,0,0,0,0,0,7,60,0,1742.39,958.375,0
9.11333,24,28,1717.46,1273.44,0.154756,2.79901,0,1,0,0,0,7,60,4,2293.25,1877.18,0
9.11481,26,27,1501.03,1354.51,0,0,0,0,0,0,0,7,60,0,1989.18,2222.24,0
9.11704,29,27,1650.21,1219.74,0,0.00739893,0,1,1,32,0.15,7,60,4,1558.61,1589.24,0
9.13481,53,20,1724.98,976.04,0,0.00832742,0,1,1,32,0.15,7,60,4,1223.22,2090.82,0
9.13704,56,20,1785.49,1041.14,0,0.00844302,0,1,1,32,0.15,7,60,4,1663.42,1237.34,0
9.14,60,19,1497.15,1007.14,0,0,0,0,0,0,0,7,60,0,1602.31,1786.36,0
9.1437,65,20,1719.13,979.98,0,0,0,0,0,0,0,7,60,0,1431.33,994.63,0
9.14815,71,18,1431.33,994.63,0,0.00902285,0,1,0,0,0,7,60,4,1438.23,995.98,0
9.15333,78,18,1445.12,997.33,0,0.00929277,0,1,0,64,0.05,7,60,4,1299.94,1284.72,0
9.15407,79,19,1587,1105.62,0,0.0093311,0,1,1,96,0.2,7,60,4,1833.08,1765.78,0
9.16444,93,19,1490.23,1006.13,0,0,0,0,0,0,0,7,60,0,1924.08,1896.85,18.04
9.16593,95,26,1266.23,1300.68,0,0,0,0,0,0,0,7,60,0,1418.07,805.78,0
9.16667,96,19,1583.37,1099.64,0,0.00998691,0,1,1,32,0.15,7,60,4,1197.82,1405.94,6.1
9.17037,101,10,1418.07,805.78,0,0,0,0,0,0,0,7,60,0,1730.82,941.03,0
9.17704,110,11,1463.07,768.764,11.6939,0.227161,0,1,1,128,0.1,7,60,4,1705.6,1277.65,0
9.18074,115,21,2067.02,1044.35,0,0.010719,0,1,0,0,0,7,60,4,1462.3,1001.73,0
9.18148,116,28,1705.6,1277.65,0,0,0,0,0,0,0,7,60,0,1891.79,2124.65,14.5
9.18963,127,46,2321.23,1878.77,0,0.0111806,0,1,0,0,0,7,60,4,1301.91,1280.86,0
9.19111,129,19,1459.93,998.13,0,0,0,0,0,0,0,7,60,0,2305.76,1155.44,0
9.19185,130,45,2094.19,1871.45,0,0.0112956,0,1,0,0,0,7,60,4,1894.23,1888.89,0
9.20222,9,27,1502.11,1357.52,0,0,0,0,0,0,0,7,60,0,1742.39,958.375,0
9.21333,24,28,1717.45,1273.44,0.154424,2.80422,0,1,0,0,0,7,60,4,2293.25,1877.18,0
9.21481,26,27,1501.03,1354.51,0,0,0,0,0,0,0,7,60,0,1989.18,2222.24,0
9.21704,29,27,1650.21,1219.74,0,0.012601,0,1,1,32,0.15,7,60,4,1558.61,1589.24,0
9.23481,53,20,1724.98,976.04,0,0.0135203,0,1,1,32,0.15,7,60,4,1223.22,2090.82,0
9.23704,56,20,1785.49,1041.14,0,0.0136347,0,1,1,32,0.15,7,60,4,1663.42,1237.34,0
9.24,60,19,1497.15,1007.14,0,0,0,0,0,0,0,7,60,0,1602.31,1786.36,0
9.2437,65,20,1719.13,979.98,0,0,0,0,0,0,0,7,60,0,1431.33,994.63,0
9.24815,71,18,1431.33,994.63,0,0.0142077,0,1,0,0,0,7,60,4,1438.23,995.98,0
9.25333,78,18,1445.12,997.33,0,0.0144753,0,1,0,64,0.05,7,60,4,1299.94,1284.72,0
9.25407,79,19,1587,1105.62,0,0.0145132,0,1,1,96,0.2,7,60,4,1833.08,1765.78,0
9.26444,93,19,1490.23,1006.13,0,0,0,0,0,0,0,7,60,0,1925.86,1896.52,18.04
9.26593,95,26,1266.23,1300.68,0,0,0,0,0,0,0,7,60,0,1418.07,805.78,0
9.26667,96,19,1583.37,1099.64,0,0.0151615,0,1,1,32,0.15,7,60,4,1197.86,1405.33,6.1
9.27037,101,10,1418.07,805.78,0,0,0,0,0,0,0,7,60,0,1730.82,941.03,0
9.27704,110,11,1463.96,768.959,11.6685,0.232329,0,1,1,128,0.1,7,60,4,1705.6,1277.65,0
9.28074,115,21,2067.02,1044.35,0,0.015884,0,1,0,0,0,7,60,4,1462.3,1001.73,0
9.28148,116,28,1705.6,1277.65,0,0,0,0,0,0,0,7,60,0,1891.56,2123.22,14.5
9.28963,127,46,2321.23,1878.77,0,0.0163398,0,1,0,0,0,7,60,4,1301.91,1280.86,0
9.29111,129,19,1459.93,998.13,0,0,0,0,0,0,0,7,60,0,2305.76,1155.44,0
9.29185,130,45,2094.19,1871.45,0,0.016454,0,1,0,0,0,7,60,4,1894.23,1888.89,0
9.30222,9,27,1502.11,1357.52,0,0,0,0,0,0,0,7,60,0,1742.39,958.375,0
9.31333,24,28,1717.44,1273.45,0.154087,2.80936,0,1,0,0,0,7,60,4,2293.25,1877.18,0
9.31481,26,27,1501.03,1354.51,0,0,0,0,0,0,0,7,60,0,1989.18,2222.24,0
9.31704,29,27,1650.21,1219.74,0,0.0177413,0,1,1,32,0.15,7,60,4,1558.61,1589.24,0
9.33481,53,20,1724.98,976.04,0,0.018647,0,1,1,32,0.15,7,60,4,1223.22,2090.82,0
9.33704,56,20,1785.49,1041.14,0,0.0187597,0,1,1,32,0.15,7,60,4,1663.42,1237.34,0
9.34,60,19,1497.15,1007.14,0,0,0,0,0,0,0,7,60,0,1602.31,1786.36,0
9.3437,65,20,1719.13,979.98,0,0,0,0,0,0,0,7,60,0,1431.33,994.63,0
9.34815,71,18,1431.33,994.63,0,0.0193237,0,1,0,0,0,7,60,4,1438.23,995.98,0
9.35333,78,18,1445.12,997.33,0,0.019587,0,1,0,64,0.05,7,60,4,1299.94,1284.72,0
9.35407,79,19,1587,1105.62,0,0.0196243,0,1,1,96,0.2,7,60,4,1833.08,1765.78,0
9.36444,93,19,1490.23,1006.13,0,0,0,0,0,0,0,7,60,0,1927.63,1896.19,18.04
9.36593,95,26,1266.23,1300.68,0,0,0,0,0,0,0,7,60,0,1418.07,805.78,0
9.36667,96,19,1583.37,1099.64,0,0.0202618,0,1,1,32,0.15,7,60,4,1197.91,1404.72,6.1
9.37037,101,10,1418.07,805.78,0,0,0,0,0,0,0,7,60,0,1730.82,941.03,0
9.37704,110,11,1464.85,769.154,11.6429,0.23742,0,1,1,128,0.1,7,60,4,1705.6,1277.65,0
9.38074,115,21,2067.02,1044.35,0,0.0209718,0,1,0,0,0,7,60,4,1462.3,1001.73,0
9.38148,116,28,1705.6,1277.65,0,0,0,0,0,0,0,7,60,0,1891.32,2121.79,14.5
9.38963,127,46,2321.23,1878.77,0,0.0214197,0,1,0,0,0,7,60,4,1301.91,1280.86,0
9.39111,129,19,1459.93,998.13,0,0,0,0,0,0,0,7,60,0,2305.76,1155.44,0
9.39185,130,45,2094.19,1871.45,0,0.0215318,0,1,0,0,0,7,60,4,1894.23,1888.89,0
9.40222,9,27,1502.11,1357.52,0,0,0,0,0,0,0,7,60,0,1742.39,958.375,0
9.41333,24,28,1717.42,1273.45,0.153747,2.81442,0,1,0,0,0,7,60,4,2293.25,1877.18,0
9.41481,26,27,1501.03,1354.51,0,0,0,0,0,0,0,7,60,0,1989.18,2222.24,0
9.41704,29,27,1650.21,1219.74,0,0.0227947,0,1,1,32,0.15,7,60,4,1558.61,1589.24,0
9.43481,53,20,1724.98,976.04,0,0.0236824,0,1,1,32,0.15,7,60,4,1223.22,2090.82,0
9.43704,56,20,1785.49,1041.14,0,0.0237927,0,1,1,32,0.15,7,60,4,1663.42,1237.34,0
9.44,60,19,1497.15,1007.14,0,0,0,0,0,0,0,7,60,0,1602.31,1786.36,0
9.4437,65,20,1719.13,979.98,0,0,0,0,0,0,0,7,60,0,1431.33,994.63,0
9.44815,71,18,1431.33,994.63,0,0.024345,0,1,0,0,0,7,60,4,1438.23,995.98,0
9.45333,78,18,1445.12,997.33,0,0.0246027,0,1,0,64,0.05,7,60,4,1299.94,1284.72,0
9.45407,79,19,1587,1105.62,0,0.0246392,0,1,1,96,0.2,7,60,4,1833.08,1765.78,0
9.46444,93,19,1490.23,1006.13,0,0,0,0,0,0,0,7,60,0,1929.4,1895.86,18.04
9.46593,95,26,1266.23,1300.68,0,0,0,0,0,0,0,7,60,0,1418.07,805.78,0
9.46667,96,19,1583.37,1099.64,0,0.0252629,0,1,1,32,0.15,7,60,4,1197.95,1404.11,6.1
9.47037,101,10,1418.07,805.78,0,0,0,0,0,0,0,7,60,0,1730.82,941.03,0
9.47704,110,11,1465.73,769.349,11.617,0.242409,0,1,1,128,0.1,7,60,4,1705.6,1277.65,0
9.48074,115,21,2067.02,1044.35,0,0.0259569,0,1,0,0,0,7,60,4,1462.3,1001.73,0
9.48148,116,28,1705.6,1277.65,0,0,0,0,0,0,0,7,60,0,1891.08,2120.36,14.5
9.48963,127,46,2321.23,1878.77,0,0.0263946,0,1,0,0,0,7,60,4,1301.91,1280.86,0
9.49111,129,19,1459.93,998.13,0,0,0,0,0,0,0,7,60,0,2305.76,1155.44,0
9.49185,130,45,2094.19,1871.45,0,0.0265035,0,1,0,0,0,7,60,4,1894.23,1888.89,0
9.50222,9,27,1502.11,1357.52,0,0,0,0,0,0,0,7,60,0,1742.39,958.375,0
9.51333,24,28,1717.41,1273.46,0.153403,2.81936,0,1,0,0,0,7,60,4,2293.25,1877.18,0
9.51481,26,27,1501.03,1354.51,0,0,0,0,0,0,0,7,60,0,1989.18,2222.24,0
9.51704,29,27,1650.21,1219.74,0,0.0277365,0,1,1,32,0.15,7,60,4,1558.61,1589.24,0
9.53481,53,20,1724.98,976.04,0,0.0286017,0,1,1,32,0.15,7,60,4,1223.22,2090.82,0
9.53704,56,20,1785.49,1041.14,0,0.0287093,0,1,1,32,0.15,7,60,4,1663.42,1237.34,0
9.54,60,19,1497.15,1007.14,0,0,0,0,0,0,0,7,60,0,1602.31,1786.36,0
9.5437,65,20,1719.13,979.98,0,0,0,0,0,0,0,7,60,0,1431.33,994.63,0
9.54815,71,18,1431.33,994.63,0,0.0292471,0,1,0,0,0,7,60,4,1438.23,995.98,0
9.55333,78,18,1445.12,997.33,0,0.0294979,0,1,0,64,0.05,7,60,4,1299.94,1284.72,0
9.55407,79,19,1587,1105.62,0,0.0295335,0,1,1,96,0.2,7,60,4,1833.08,1765.78,0
9.56444,93,19,1490.23,1006.13,0,0,0,0,0,0,0,7,60,0,1931.18,1895.53,18.04
9.56593,95,26,1266.23,1300.68,0,0,0,0,0,0,0,7,60,0,1418.07,805.78,0
9.56667,96,19,1583.37,1099.64,0,0.0301402,0,1,1,32,0.15,7,60,4,1197.99,1403.5,6.1
9.57037,101,10,1418.07,805.78,0,0,0,0,0,0,0,7,60,0,1730.82,941.03,0
9.57704,110,11,1466.62,769.544,11.5908,0.247273,0,1,1,128,0.1,7,60,4,1705.6,1277.65,0
9.58074,115,21,2067.02,1044.35,0,0.0308149,0,1,0,0,0,7,60,4,1462.3,1001.73,0
9.58148,116,28,1705.6,1277.65,0,0,0,0,0,0,0,7,60,0,1890.85,2118.93,14.5
9.58963,127,46,2321.23,1878.77,0,0.0312403,0,1,0,0,0,7,60,4,1301.91,1280.86,0
9.59111,129,19,1459.93,998.13,0,0,0,0,0,0,0,7,60,0,2305.76,1155.44,0
9.59185,130,45,2094.19,1871.45,0,0.031346,0,1,0,0,0,7,60,4,1894.23,1888.89,0
9.60222,9,27,1502.11,1357.52,0,0,0,0,0,0,0,7,60,0,1742.39,958.375,0
9.61333,24,28,1717.4,1273.46,0.153057,2.82417,0,1,0,0,0,7,60,4,2293.25,1877.18,0
9.61481,26,27,1501.03,1354.51,0,0,0,0,0,0,0,7,60,0,1989.18,2222.24,0
9.61704,29,27,1650.21,1219.74,0,0.0325424,0,1,1,32,0.15,7,60,4,1558.61,1589.24,0
9.63481,53,20,1724.98,976.04,0,0.0333804,0,1,1,32,0.15,7,60,4,1223.22,2090.82,0
9.63704,56,20,1785.49,1041.14,0,0.0334851,0,1,1,32,0.15,7,60,4,1663.42,1237.34,0
9.64,60,19,1497.15,1007.14,0,0,0,0,0,0,0,7,60,0,1602.31,1786.36,0
9.6437,65,20,1719.13,979.98,0,0,0,0,0,0,0,7,60,0,1431.33,994.63,0
9.64815,71,18,1431.33,994.63,0,0.0340059,0,1,0,0,0,7,60,4,1438.23,995.98,0
9.65333,78,18,1445.12,997.33,0,0.0342487,0,1,0,64,0.05,7,60,4,1299.94,1284.72,0
9.65407,79,19,1587,1105.62,0,0.034283,0,1,1,96,0.2,7,60,4,1833.08,1765.78,0
9.66444,93,19,1490.23,1006.13,0,0,0,0,0,0,0,7,60,0,1932.95,1895.2,18.04
9.66593,95,26,1266.23,1300.68,0,0,0,0,0,0,0,7,60,0,1418.07,805.78,0
9.66667,96,19,1583.37,1099.64,0,0.0348699,0,1,1,32,0.15,7,60,4,1198.04,1402.89,6.1
9.67037,101,10,1418.07,805.78,0,0,0,0,0,0,0,7,60,0,1730.82,941.03,0
9.67704,110,11,1467.51,769.74,11.5645,0.251986,0,1,1,128,0.1,7,60,4,1705.6,1277.65,0
9.68074,115,21,2067.02,1044.35,0,0.035522,0,1,0,0,0,7,60,4,1462.3,1001.73,0
9.68148,116,28,1705.6,1277.65,0,0,0,0,0,0,0,7,60,0,1890.61,2117.5,14.5
9.68963,127,46,2321.23,1878.77,0,0.0359323,0,1,0,0,0,7,60,4,1301.91,1280.86,0
9.69111,129,19,1459.93,998.13,0,0,0,0,0,0,0,7,60,0,2305.76,1155.44,0
9.69185,130,45,2094.19,1871.45,0,0.036035,0,1,0,0,0,7,60,4,1894.23,1888.89,0
9.70222,9,27,1502.11,1357.52,0,0,0,0,0,0,0,7,60,0,1742.39,958.375,0
9.71333,24,28,1717.39,1273.46,0.152707,2.82883,0,1,0,0,0,7,60,4,2293.25,1877.18,0
9.71481,26,27,1501.03,1354.51,0,0,0,0,0,0,0,7,60,0,1989.18,2222.24,0
9.71704,29,27,1650.21,1219.74,0,0.0371889,0,1,1,32,0.15,7,60,4,1558.61,1589.24,0
9.73481,53,20,1724.98,976.04,0,0.0379962,0,1,1,32,0.15,7,60,4,1223.22,2090.82,0
9.73704,56,20,1785.49,1041.14,0,0.038097,0,1,1,32,0.15,7,60,4,1663.42,1237.34,0
9.74,60,19,1497.15,1007.14,0,0,0,0,0,0,0,7,60,0,1602.31,1786.36,0
9.7437,65,20,1719.13,979.98,0,0,0,0,0,0,0,7,60,0,1431.33,994.63,0
9.74815,71,18,1431.33,994.63,0,0.0385982,0,1,0,0,0,7,60,4,1438.23,995.98,0
9.75333,78,18,1445.12,997.33,0,0.0388317,0,1,0,64,0.05,7,60,4,1299.94,1284.72,0
9.75407,79,19,1587,1105.62,0,0.0388647,0,1,1,96,0.2,7,60,4,1833.08,1765.78,0
9.76444,93,19,1490.23,1006.13,0,0,0,0,0,0,0,7,60,0,1934.72,1894.87,18.04
9.76593,95,26,1266.23,1300.68,0,0,0,0,0,0,0,7,60,0,1418.07,805.78,0
9.76667,96,19,1583.37,1099.64,0,0.0394288,0,1,1,32,0.15,7,60,4,1198.08,1402.28,6.1
9.77037,101,10,1418.07,805.78,0,0,0,0,0,0,0,7,60,0,1730.82,941.03,0
9.77704,110,11,1468.39,769.935,11.5379,0.256526,0,1,1,128,0.1,7,60,4,1705.6,1277.65,0
9.78074,115,21,2067.02,1044.35,0,0.0400551,0,1,0,0,0,7,60,4,1462.3,1001.73,0
9.78148,116,28,1705.6,1277.65,0,0,0,0,0,0,0,7,60,0,1890.37,2116.07,14.5
9.78963,127,46,2321.23,1878.77,0,0.040449,0,1,0,0,0,7,60,4,1301.91,1280.86,0
9.79111,129,19,1459.93,998.13,0,0,0,0,0,0,0,7,60,0,2305.76,1155.44,0
9.79185,130,45,2094.19,1871.45,0,0.0405475,0,1,0,0,0,7,60,4,1894.23,1888.89,0
9.80222,9,27,1502.11,1357.52,0,0,0,0,0,0,0,7,60,0,1742.39,958.375,0
9.81333,24,28,1717.38,1273.47,0.152355,2.8333,0,1,0,0,0,7,60,4,2293.25,1877.18,0
9.81481,26,27,1501.03,1354.51,0,0,0,0,0,0,0,7,60,0,1989.18,2222.24,0
9.81704,29,27,1650.21,1219.74,0,0.0416533,0,1,1,32,0.15,7,60,4,1558.61,1589.24,0
9.83481,53,20,1724.98,976.04,0,0.0424259,0,1,1,32,0.15,7,60,4,1223.22,2090.82,0
9.83704,56,20,1785.49,1041.14,0,0.0425223,0,1,1,32,0.15,7,60,4,1663.42,1237.34,0
9.84,60,19,1497.15,1007.14,0,0,0,0,0,0,0,7,60,0,1602.31,1786.36,0
9.8437,65,20,1719.13,979.98,0,0,0,0,0,0,0,7,60,0,1431.33,994.63,0
9.84815,71,18,1431.33,994.63,0,0.0430014,0,1,0,0,0,7,60,4,1438.23,995.98,0
9.85333,78,18,1445.12,997.33,0,0.0432244,0,1,0,64,0.05,7,60,4,1299.94,1284.72,0
9.85407,79,19,1587,1105.62,0,0.043256,0,1,1,96,0.2,7,60,4,1833.08,1765.78,0
9.86444,93,19,1490.23,1006.13,0,0,0,0,0,0,0,7,60,0,1936.5,1894.54,18.04
9.86593,95,26,1266.23,1300.68,0,0,0,0,0,0,0,7,60,0,1418.07,805.78,0
9.86667,96,19,1583.37,1099.64,0,0.0437946,0,1,1,32,0.15,7,60,4,1198.12,1401.68,6.1
9.87037,101,10,1418.07,805.78,0,0,0,0,0,0,0,7,60,0,1730.82,941.03,0
9.87704,110,11,1469.28,770.13,11.5112,0.26087,0,1,1,128,0.1,7,60,4,1705.6,1277.65,0
9.88074,115,21,2067.02,1044.35,0,0.0443919,0,1,0,0,0,7,60,4,1462.3,1001.73,0
9.88148,116,28,1705.6,1277.65,0,0,0,0,0,0,0,7,60,0,1890.14,2114.64,14.5
9.88963,127,46,2321.23,1878.77,0,0.0447675,0,1,0,0,0,7,60,4,1301.91,1280.86,0
9.89111,129,19,1459.93,998.13,0,0,0,0,0,0,0,7,60,0,2305.76,1155.44,0
9.89185,130,45,2094.19,1871.45,0,0.0448608,0,1,0,0,0,7,60,4,1894.23,1888.89,0
9.90222,9,27,1502.11,1357.52,0,0,0,0,0,0,0,7,60,0,1742.39,958.375,0
9.91333,24,28,1717.37,1273.47,0.152001,2.83757,0,1,0,0,0,7,60,4,2293.25,1877.18,0
9.91481,26,27,1501.03,1354.51,0,0,0,0,0,0,0,7,60,0,1989.18,2222.24,0
9.91704,29,27,1650.21,1219.74,0,0.0459136,0,1,1,32,0.15,7,60,4,1558.61,1589.24,0
9.93481,53,20,1724.98,976.04,0,0.0466477,0,1,1,32,0.15,7,60,4,1223.22,2090.82,0
9.93704,56,20,1785.49,1041.14,0,0.0467393,0,1,1,32,0.15,7,60,4,1663.42,1237.34,0
9.94,60,19,1497.15,1007.14,0,0,0,0,0,0,0,7,60,0,1602.31,1786.36,0
9.9437,65,20,1719.13,979.98,0,0,0,0,0,0,0,7,60,0,1431.33,994.63,0
9.94815,71,18,1431.33,994.63,0,0.0471939,0,1,0,0,0,7,60,4,1438.23,995.98,0
9.95333,78,18,1445.12,997.33,0,0.0474055,0,1,0,64,0.05,7,60,4,1299.94,1284.72,0
9.95407,79,19,1587,1105.62,0,0.0474354,0,1,1,96,0.2,7,60,4,1833.08,1765.78,0
9.96444,93,19,1490.23,1006.13,0,0,0,0,0,0,0,7,60,0,1938.27,1894.21,18.04
9.96593,95,26,1266.23,1300.68,0,0,0,0,0,0,0,7,60,0,1418.07,805.78,0
9.96667,96,19,1583.37,1099.64,0,0.0479458,0,1,1,32,0.15,7,60,4,1198.17,1401.07,6.1
9.97037,101,10,1418.07,805.78,0,0,0,0,0,0,0,7,60,0,1730.82,941.03,0
9.97704,110,11,1470.17,770.325,11.4843,0.264998,0,1,1,128,0.1,7,60,4,1705.6,1277.65,0
9.98074,115,21,2067.02,1044.35,0,0.0485114,0,1,0,0,0,7,60,4,1462.3,1001.73,0
9.98148,116,28,1705.6,1277.65,0,0,0,0,0,0,0,7,60,0,1889.9,2113.21,14.5
9.98963,127,46,2321.23,1878.77,0,0.0488667,0,1,0,0,0,7,60,4,1301.91,1280.86,0
9.99111,129,19,1459.93,998.13,0,0,0,0,0,0,0,7,60,0,2305.76,1155.44,0
9.99185,130,45,2094.19,1871.45,0,0.0489549,0,1,0,0,0,7,60,4,1894.23,1888.89,0
10.0022,9,27,1502.11,1357.52,0,0,0,0,0,0,0,7,60,0,1742.39,958.375,0
10.0133,24,28,1717.36,1273.48,0.0126371,2.91028,-1.1,1,1,2,0.1,7,60,4,2293.25,1877.18,0
10.0148,26,27,1501.03,1354.51,0,0,0,0,0,0,0,7,60,0,1989.18,2222.24,0
10.017,29,27,1650.21,1219.74,0,0.0499488,0,1,0,0,0,7,60,4,1558.61,1589.24,0
10.0348,53,20,1724.98,976.04,0,0.0506415,0,1,1,32,0.15,7,60,4,1223.22,2090.82,0
10.037,56,20,1785.49,1041.14,0,0.0507272,0,1,0,0,0,7,60,4,1663.42,1237.34,0
10.04,60,19,1497.15,1007.14,0,0,0,0,0,0,0,7,60,0,1602.31,1786.36,0
10.0437,65,20,1719.13,979.98,0,0,0,0,0,0,0,7,60,0,1431.33,994.63,0
10.0481,71,18,1431.33,994.63,0,0.0511556,0,1,0,0,0,7,60,4,1438.23,995.98,0
10.0533,78,18,1445.12,997.33,0,0.0513543,0,1,0,64,0.05,7,60,4,1299.94,1284.72,0
10.0541,79,19,1587,1105.62,0,0.0513826,0,1,1,96,0.2,7,60,4,1833.08,1765.78,0
10.0644,93,19,1490.23,1006.13,0,0,0,0,0,0,0,7,60,0,1940.11,1893.86,19.08
10.0659,95,26,1266.23,1300.68,0,0,0,0,0,0,0,7,60,0,1418.07,805.78,0
10.0667,96,19,1583.37,1099.64,0,0.0518622,0,1,0,0,0,7,60,4,1198.2,1400.71,2.39
10.0704,101,10,1418.07,805.78,0,0,0,0,0,0,0,7,60,0,1730.82,941.03,0
10.077,110,11,1471.13,770.537,12.7948,0.267822,10.6,1,1,132,0.2,7,60,4,1705.6,1277.65,0
10.0807,115,21,2067.02,1044.35,0,0.0523932,0,1,0,0,0,7,60,4,1462.3,1001.73,0
10.0815,116,28,1705.6,1277.65,0,0,0,0,0,0,0,7,60,0,1889.67,2111.8,14.31
10.0896,127,46,2321.23,1878.77,0,0.0527261,0,1,0,0,0,7,60,4,1301.91,1280.86,0
10.0911,129,19,1459.93,998.13,0,0,0,0,0,0,0,7,60,0,2305.76,1155.44,0
10.0919,130,45,2094.19,1871.45,0,0.0528092,0,1,0,0,0,7,60,4,1894.23,1888.89,0
10.1022,9,27,1502.11,1357.52,0,0,0,0,0,0,0,7,60,0,1742.39,958.375,0
10.1133,24,28,1717.36,1273.48,0.0126074,2.91408,0,1,0,0,0,7,60,4,2293.25,1877.18,0
10.1148,26,27,1501.03,1354.51,0,0,0,0,0,0,0,7,60,0,1989.18,2222.24,0
10.117,29,27,1650.21,1219.74,0,0.0537399,0,1,1,32,0.15,7,60,4,1558.61,1589.24,0
10.1348,53,20,1724.98,976.04,0,0.0543865,0,1,1,32,0.15,7,60,4,1223.22,2090.82,0
10.137,56,20,1785.49,1041.14,0,0.054467,0,1,1,32,0.15,7,60,4,1663.42,1237.34,0
10.14,60,19,1497.15,1007.14,0,0,0,0,0,0,0,7,60,0,1602.31,1786.36,0
10.1437,65,20,1719.13,979.98,0,0,0,0,0,0,0,7,60,0,1431.33,994.63,0
10.1481,71,18,1431.33,994.63,0,0.0548663,0,1,0,0,0,7,60,4,1438.23,995.98,0
10.1533,78,18,1445.12,997.33,0,0.0550513,0,1,0,64,0.05,7,60,4,1299.94,1284.72,0
10.1541,79,19,1587,1105.62,0,0.055078,0,1,1,96,0.2,7,60,4,1833.08,1765.78,0
10.1644,93,19,1490.23,1006.13,0,0,0,0,0,0,0,7,60,0,1941.99,1893.52,19.08
10.1659,95,26,1266.23,1300.68,0,0,0,0,0,0,0,7,60,0,1418.07,805.78,0
10.1667,96,19,1583.37,1099.64,0,0.0555243,0,1,1,32,0.15,7,60,4,1198.23,1400.47,2.39
10.1704,101,10,1418.07,805.78,0,0,0,0,0,0,0,7,60,0,1730.82,941.03,0
10.177,110,11,1472.12,770.754,12.7646,0.271457,0,1,0,0,0,7,60,4,1705.6,1277.65,0
10.1807,115,21,2067.02,1044.35,0,0.0560185,0,1,0,0,0,7,60,4,1462.3,1001.73,0
10.1815,116,28,1705.6,1277.65,0,0,0,0,0,0,0,7,60,0,1889.44,2110.39,14.31
10.1896,127,46,2321.23,1878.77,0,0.0563277,0,1,0,0,0,7,60,4,1301.91,1280.86,0
10.1911,129,19,1459.93,998.13,0,0,0,0,0,0,0,7,60,0,2305.76,1155.44,0
10.1919,130,45,2094.19,1871.45,0,0.0564045,0,1,0,0,0,7,60,4,1894.23,1888.89,0
10.2022,9,27,1502.11,1357.52,0,0,0,0,0,0,0,7,60,0,1742.39,958.375,0
10.2133,24,28,1717.36,1273.48,0.0125775,2.91761,0,1,0,0,0,7,60,4,2293.25,1877.18,0
10.2148,26,27,1501.03,1354.51,0,0,0,0,0,0,0,7,60,0,1989.18,2222.24,0
10.217,29,27,1650.21,1219.74,0,0.0572675,0,1,1,32,0.15,7,60,4,1558.61,1589.24,0
10.2348,53,20,1724.98,976.04,0,0.0578655,0,1,1,32,0.15,7,60,4,1223.22,2090.82,0
10.237,56,20,1785.49,1041.14,0,0.0579399,0,1,1,32,0.15,7,60,4,1663.42,1237.34,0
10.24,60,19,1497.15,1007.14,0,0,0,0,0,0,0,7,60,0,1602.31,1786.36,0
10.2437,65,20,1719.13,979.98,0,0,0,0,0,0,0,7,60,0,1431.33,994.63,0
10.2481,71,18,1431.33,994.63,0,0.0583084,0,1,0,0,0,7,60,4,1438.23,995.98,0
10.2533,78,18,1445.12,997.33,0,0.058479,0,1,0,64,0.05,7,60,4,1299.94,1284.72,0
10.2541,79,19,1587,1105.62,0,0.0585036,0,1,1,96,0.2,7,60,4,1833.08,1765.78,0
10.2644,93,19,1490.23,1006.13,0,0,0,0,0,0,0,7,60,0,1943.86,1893.17,19.08
10.2659,95,26,1266.23,1300.68,0,0,0,0,0,0,0,7,60,0,1418.07,805.78,0
10.2667,96,19,1583.37,1099.64,0,0.0589147,0,1,1,32,0.15,7,60,4,1198.26,1400.24,2.39
10.2704,101,10,1418.07,805.78,0,0,0,0,0,0,0,7,60,0,1730.82,941.03,0
10.277,110,11,1473.11,770.971,12.7342,0.274819,0,1,0,0,0,7,60,4,1705.6,1277.65,0
10.2807,115,21,2067.02,1044.35,0,0.0593693,0,1,0,0,0,7,60,4,1462.3,1001.73,0
10.2815,116,28,1705.6,1277.65,0,0,0,0,0,0,0,7,60,0,1889.2,2108.97,14.31
10.2896,127,46,2321.23,1878.77,0,0.0596534,0,1,0,0,0,7,60,4,1301.91,1280.86,0
10.2911,129,19,1459.93,998.13,0,0,0,0,0,0,0,7,60,0,2305.76,1155.44,0
10.2919,130,45,2094.19,1871.45,0,0.0597239,0,1,0,0,0,7,60,4,1894.23,1888.89,0
10.3022,9,27,1502.11,1357.52,0,0,0,0,0,0,0,7,60,0,1742.39,958.375,0
10.3133,24,28,1717.35,1273.48,0.0125475,2.92087,0,1,0,0,0,7,60,4,2293.25,1877.18,0
10.3148,26,27,1501.03,1354.51,0,0,0,0,0,0,0,7,60,0,1989.18,2222.24,0
10.317,29,27,1650.21,1219.74,0,0.0605142,0,1,1,32,0.15,7,60,4,1558.61,1589.24,0
10.3348,53,20,1724.98,976.04,0,0.061061,0,1,1,32,0.15,7,60,4,1223.22,2090.82,0
10.337,56,20,1785.49,1041.14,0,0.0611289,0,1,1,32,0.15,7,60,4,1663.42,1237.34,0
10.34,60,19,1497.15,1007.14,0,0,0,0,0,0,0,7,60,0,1602.31,1786.36,0
10.3437,65,20,1719.13,979.98,0,0,0,0,0,0,0,7,60,0,1431.33,994.63,0
10.3481,71,18,1431.33,994.63,0,0.0614649,0,1,0,0,0,7,60,4,1438.23,995.98,0
10.3533,78,18,1445.12,997.33,0,0.0616203,0,1,0,64,0.05,7,60,4,1299.94,1284.72,0
10.3541,79,19,1587,1105.62,0,0.0616427,0,1,1,96,0.2,7,60,4,1833.08,1765.78,0
10.3644,93,19,1490.23,1006.13,0,0,0,0,0,0,0,7,60,0,1945.74,1892.82,19.08
10.3659,95,26,1266.23,1300.68,0,0,0,0,0,0,0,7,60,0,1418.07,805.78,0
10.3667,96,19,1583.37,1099.64,0,0.0620166,0,1,1,32,0.15,7,60,4,1198.29,1400,2.39
10.3704,101,10,1418.07,805.78,0,0,0,0,0,0,0,7,60,0,1730.82,941.03,0
10.377,110,11,1474.1,771.188,12.7038,0.27789,0,1,0,0,0,7,60,4,1705.6,1277.65,0
10.3807,115,21,2067.02,1044.35,0,0.0624293,0,1,0,0,0,7,60,4,1462.3,1001.73,0
10.3815,116,28,1705.6,1277.65,0,0,0,0,0,0,0,7,60,0,1888.97,2107.56,14.31
10.3896,127,46,2321.23,1878.77,0,0.0626866,0,1,0,0,0,7,60,4,1301.91,1280.86,0
10.3911,129,19,1459.93,998.13,0,0,0,0,0,0,0,7,60,0,2305.76,1155.44,0
10.3919,130,45,2094.19,1871.45,0,0.0627507,0,1,0,0,0,7,60,4,1894.23,1888.89,0
10.4022,9,27,1502.11,1357.52,0,0,0,0,0,0,0,7,60,0,1742.39,958.375,0
10.4133,24,28,1717.35,1273.48,0.0125176,2.92383,0,1,0,0,0,7,60,4,2293.25,1877.18,0
10.4148,26,27,1501.03,1354.51,0,0,0,0,0,0,0,7,60,0,1989.18,2222.24,0
10.417,29,27,1650.21,1219.74,0,0.0634649,0,1,1,32,0.15,7,60,4,1558.61,1589.24,0
10.4348,53,20,1724.98,976.04,0,0.0639574,0,1,1,32,0.15,7,60,4,1223.22,2090.82,0
10.437,56,20,1785.49,1041.14,0,0.0640185,0,1,1,32,0.15,7,60,4,1663.42,1237.34,0
10.44,60,19,1497.15,1007.14,0,0,0,0,0,0,0,7,60,0,1602.31,1786.36,0
10.4437,65,20,1719.13,979.98,0,0,0,0,0,0,0,7,60,0,1431.33,994.63,0
10.4481,71,18,1431.33,994.63,0,0.0643203,0,1,0,0,0,7,60,4,1438.23,995.98,0
10.4533,78,18,1445.12,997.33,0,0.0644598,0,1,0,64,0.05,7,60,4,1299.94,1284.72,0
10.4541,79,19,1587,1105.62,0,0.0644799,0,1,1,96,0.2,7,60,4,1833.08,1765.78,0
10.4644,93,19,1490.23,1006.13,0,0,0,0,0,0,0,7,60,0,1947.61,1892.47,19.08
10.4659,95,26,1266.23,1300.68,0,0,0,0,0,0,0,7,60,0,1418.07,805.78,0
10.4667,96,19,1583.37,1099.64,0,0.0648148,0,1,1,32,0.15,7,60,4,1198.32,1399.76,2.39
10.4704,101,10,1418.07,805.78,0,0,0,0,0,0,0,7,60,0,1730.82,941.03,0
10.477,110,11,1475.09,771.405,12.6734,0.280656,0,1,0,0,0,7,60,4,1705.6,1277.65,0
10.4807,115,21,2067.02,1044.35,0,0.0651835,0,1,0,0,0,7,60,4,1462.3,1001.73,0
10.4815,116,28,1705.6,1277.65,0,0,0,0,0,0,0,7,60,0,1888.74,2106.15,14.31
10.4896,127,46,2321.23,1878.77,0,0.065413,0,1,0,0,0,7,60,4,1301.91,1280.86,0
10.4911,129,19,1459.93,998.13,0,0,0,0,0,0,0,7,60,0,2305.76,1155.44,0
10.4919,130,45,2094.19,1871.45,0,0.0654702,0,1,0,0,0,7,60,4,1894.23,1888.89,0
10.5022,9,27,1502.11,1357.52,0,0,0,0,0,0,0,7,60,0,1742.39,958.375,0
10.5133,24,28,1717.35,1273.48,0.0124876,2.92649,0,1,0,0,0,7,60,4,2293.25,1877.18,0
10.5148,26,27,1501.03,1354.51,0,0,0,0,0,0,0,7,60,0,1989.18,2222.24,0
10.517,29,27,1650.21,1219.74,0,0.0661047,0,1,1,32,0.15,7,60,4,1558.61,1589.24,0
10.5348,53,20,1724.98,976.04,0,0.0665408,0,1,1,32,0.15,7,60,4,1223.22,2090.82,0
10.537,56,20,1785.49,1041.14,0,0.0665944,0,1,1,32,0.15,7,60,4,1663.42,1237.34,0
10.54,60,19,1497.15,1007.14,0,0,0,0,0,0,0,7,60,0,1602.31,1786.36,0
10.5437,65,20,1719.13,979.98,0,0,0,0,0,0,0,7,60,0,1431.33,994.63,0
10.5481,71,18,1431.33,994.63,0,0.0668607,0,1,0,0,0,7,60,4,1438.23,995.98,0
10.5533,78,18,1445.12,997.33,0,0.0669835,0,1,0,64,0.05,7,60,4,1299.94,1284.72,0
10.5541,79,19,1587,1105.62,0,0.067001,0,1,1,96,0.2,7,60,4,1833.08,1765.78,0
10.5644,93,19,1490.23,1006.13,0,0,0,0,0,0,0,7,60,0,1949.49,1892.12,19.08
10.5659,95,26,1266.23,1300.68,0,0,0,0,0,0,0,7,60,0,1418.07,805.78,0
10.5667,96,19,1583.37,1099.64,0,0.0672956,0,1,1,32,0.15,7,60,4,1198.36,1399.53,2.39
10.5704,101,10,1418.07,805.78,0,0,0,0,0,0,0,7,60,0,1730.82,941.03,0
10.577,110,11,1476.09,771.622,12.643,0.283102,0,1,0,0,0,7,60,4,1705.6,1277.65,0
10.5807,115,21,2067.02,1044.35,0,0.0676184,0,1,0,0,0,7,60,4,1462.3,1001.73,0
10.5815,116,28,1705.6,1277.65,0,0,0,0,0,0,0,7,60,0,1888.5,2104.74,14.31
10.5896,127,46,2321.23,1878.77,0,0.0678191,0,1,0,0,0,7,60,4,1301.91,1280.86,0
10.5911,129,19,1459.93,998.13,0,0,0,0,0,0,0,7,60,0,2305.76,1155.44,0
10.5919,130,45,2094.19,1871.45,0,0.0678687,0,1,0,0,0,7,60,4,1894.23,1888.89,0
10.6022,9,27,1502.11,1357.52,0,0,0,0,0,0,0,7,60,0,1742.39,958.375,0
10.6133,24,28,1717.35,1273.48,0.0124576,2.92881,0,1,0,0,0,7,60,4,2293.25,1877.18,0
10.6148,26,27,1501.03,1354.51,0,0,0,0,0,0,0,7,60,0,1989.18,2222.24,0
10.617,29,27,1650.21,1219.74,0,0.068421,0,1,1,32,0.15,7,60,4,1558.61,1589.24,0
10.6348,53,20,1724.98,976.04,0,0.0687979,0,1,1,32,0.15,7,60,4,1223.22,2090.82,0
10.637,56,20,1785.49,1041.14,0,0.0688441,0,1,1,32,0.15,7,60,4,1663.42,1237.34,0
10.64,60,19,1497.15,1007.14,0,0,0,0,0,0,0,7,60,0,1602.31,1786.36,0
10.6437,65,20,1719.13,979.98,0,0,0,0,0,0,0,7,60,0,1431.33,994.63,0
10.6481,71,18,1431.33,994.63,0,0.0690735,0,1,0,0,0,7,60,4,1438.23,995.98,0
10.6533,78,18,1445.12,997.33,0,0.0691793,0,1,0,64,0.05,7,60,4,1299.94,1284.72,0
10.6541,79,19,1587,1105.62,0,0.0691943,0,1,1,96,0.2,7,60,4,1833.08,1765.78,0
10.6644,93,19,1490.23,1006.13,0,0,0,0,0,0,0,7,60,0,1951.37,1891.77,19.08
10.6659,95,26,1266.23,1300.68,0,0,0,0,0,0,0,7,60,0,1418.07,805.78,0
10.6667,96,19,1583.37,1099.64,0,0.0694465,0,1,1,32,0.15,7,60,4,1198.39,1399.29,2.39
10.6704,101,10,1418.07,805.78,0,0,0,0,0,0,0,7,60,0,1730.82,941.03,0
10.677,110,11,1477.08,771.838,12.6126,0.285219,0,1,0,0,0,7,60,4,1705.6,1277.65,0
10.6807,115,21,2067.02,1044.35,0,0.0697223,0,1,0,0,0,7,60,4,1462.3,1001.73,0
10.6815,116,28,1705.6,1277.65,0,0,0,0,0,0,0,7,60,0,1888.27,2103.33,14.31
10.6896,127,46,2321.23,1878.77,0,0.069893,0,1,0,0,0,7,60,4,1301.91,1280.86,0
10.6911,129,19,1459.93,998.13,0,0,0,0,0,0,0,7,60,0,2305.76,1155.44,0
10.6919,130,45,2094.19,1871.45,0,0.0699351,0,1,0,0,0,7,60,4,1894.23,1888.89,0
10.7022,9,27,1502.11,1357.52,0,0,0,0,0,0,0,7,60,0,1742.39,958.375,0
10.7133,24,28,1717.35,1273.48,0.0124276,2.93081,0,1,0,0,0,7,60,4,2293.25,1877.18,0
10.7148,26,27,1501.03,1354.51,0,0,0,0,0,0,0,7,60,0,1989.18,2222.24,0
10.717,29,27,1650.21,1219.74,0,0.0704018,0,1,1,32,0.15,7,60,4,1558.61,1589.24,0
10.7348,53,20,1724.98,976.04,0,0.0707181,0,1,1,32,0.15,7,60,4,1223.22,2090.82,0
10.737,56,20,1785.49,1041.14,0,0.070757,0,1,1,32,0.15,7,60,4,1663.42,1237.34,0
10.74,60,19,1497.15,1007.14,0,0,0,0,0,0,0,7,60,0,1602.31,1786.36,0
10.7437,65,20,1719.13,979.98,0,0,0,0,0,0,0,7,60,0,1431.33,994.63,0
10.7481,71,18,1431.33,994.63,0,0.0709483,0,1,0,0,0,7,60,4,1438.23,995.98,0
10.7533,78,18,1445.12,997.33,0,0.071036,0,1,0,64,0.05,7,60,4,1299.94,1284.72,0
10.7541,79,19,1587,1105.62,0,0.0710485,0,1,1,96,0.2,7,60,4,1833.08,1765.78,0
10.7644,93,19,1490.23,1006.13,0,0,0,0,0,0,0,7,60,0,1953.24,1891.42,19.08
10.7659,95,26,1266.23,1300.68,0,0,0,0,0,0,0,7,60,0,1418.07,805.78,0
10.7667,96,19,1583.37,1099.64,0,0.0712575,0,1,1,32,0.15,7,60,4,1198.42,1399.05,2.39
10.7704,101,10,1418.07,805.78,0,0,0,0,0,0,0,7,60,0,1730.82,941.03,0
10.777,110,11,1478.07,772.055,12.5823,0.286994,0,1,0,0,0,7,60,4,1705.6,1277.65,0
10.7807,115,21,2067.02,1044.35,0,0.0714844,0,1,0,0,0,7,60,4,1462.3,1001.73,0
10.7815,116,28,1705.6,1277.65,0,0,0,0,0,0,0,7,60,0,1888.04,2101.91,14.31
10.7896,127,46,2321.23,1878.77,0,0.0716243,0,1,0,0,0,7,60,4,1301.91,1280.86,0
10.7911,129,19,1459.93,998.13,0,0,0,0,0,0,0,7,60,0,2305.76,1155.44,0
10.7919,130,45,2094.19,1871.45,0,0.0716589,0,1,0,0,0,7,60,4,1894.23,1888.89,0
10.8022,9,27,1502.11,1357.52,0,0,0,0,0,0,0,7,60,0,1742.39,958.375,0
10.8037,11,12,1945.88,813.174,16.18,2.61784,0,0,0,0,0,7,60,0,1275.88,1298.01,0
10.8133,24,28,1717.35,1273.48,0.0123977,2.93246,0,1,0,0,0,7,60,4,2293.25,1877.18,0
10.8148,26,27,1501.03,1354.51,0,0,0,0,0,0,0,7,60,0,1989.18,2222.24,0
10.817,29,27,1650.21,1219.74,0,0.072038,0,1,1,32,0.15,7,60,4,1558.61,1589.24,0
10.8348,53,20,1724.98,976.04,0,0.072292,0,1,1,32,0.15,7,60,4,1223.22,2090.82,0
10.837,56,20,1785.49,1041.14,0,0.0723231,0,1,1,32,0.15,7,60,4,1663.42,1237.34,0
10.84,60,19,1497.15,1007.14,0,0,0,0,0,0,0,7,60,0,1602.31,1786.36,0
10.8437,65,20,1719.13,979.98,0,0,0,0,0,0,0,7,60,0,1431.33,994.63,0
10.8481,71,18,1431.33,994.63,0,0.0724753,0,1,0,0,0,7,60,4,1438.23,995.98,0
10.8533,78,18,1445.12,997.33,0,0.0725449,0,1,0,64,0.05,7,60,4,1299.94,1284.72,0
10.8541,79,19,1587,1105.62,0,0.0725548,0,1,1,96,0.2,7,60,4,1833.08,1765.78,0
10.8644,93,19,1490.23,1006.13,0,0,0,0,0,0,0,7,60,0,1955.12,1891.07,19.08
10.8659,95,26,1266.23,1300.68,0,0,0,0,0,0,0,7,60,0,1418.07,805.78,0
10.8667,96,19,1583.37,1099.64,0,0.0727193,0,1,1,32,0.15,7,60,4,1198.45,1398.82,2.39
10.8704,101,10,1418.07,805.78,0,0,0,0,0,0,0,7,60,0,1730.82,941.03,0
10.877,110,11,1479.06,772.272,12.5521,0.288419,0,1,0,0,0,7,60,4,1705.6,1277.65,0
10.8807,115,21,2067.02,1044.35,0,0.0728966,0,1,0,0,0,7,60,4,1462.3,1001.73,0
10.8815,116,28,1705.6,1277.65,0,0,0,0,0,0,0,7,60,0,1887.8,2100.5,14.31
10.8896,127,46,2321.23,1878.77,0,0.073005,0,1,0,0,0,7,60,4,1301.91,1280.86,0
10.8911,129,19,1459.93,998.13,0,0,0,0,0,0,0,7,60,0,2305.76,1155.44,0
10.8919,130,45,2094.19,1871.45,0,0.0730317,0,1,0,0,0,7,60,4,1894.23,1888.89,0
10.9022,9,27,1502.11,1357.52,0,0,0,0,0,0,0,7,60,0,1742.39,958.375,0
10.9037,11,12,1944.48,813.983,16.18,2.61784,0,0,0,0,0,7,60,0,1275.88,1298.01,0
10.9133,24,28,1717.35,1273.48,0.0123679,2.93375,0,1,0,0,0,7,60,4,2293.25,1877.18,0
10.9148,26,27,1501.03,1354.51,0,0,0,0,0,0,0,7,60,0,1989.18,2222.24,0
10.917,29,27,1650.21,1219.74,0,0.0733212,0,1,1,32,0.15,7,60,4,1558.61,1589.24,0
10.9348,53,20,1724.98,976.04,0,0.0735119,0,1,1,32,0.15,7,60,4,1223.22,2090.82,0
10.937,56,20,1785.49,1041.14,0,0.0735349,0,1,1,32,0.15,7,60,4,1663.42,1237.34,0
10.94,60,19,1497.15,1007.14,0,0,0,0,0,0,0,7,60,0,1602.31,1786.36,0
10.9437,65,20,1719.13,979.98,0,0,0,0,0,0,0,7,60,0,1431.33,994.63,0
10.9481,71,18,1431.33,994.63,0,0.0736474,0,1,0,0,0,7,60,4,1438.23,995.98,0
10.9533,78,18,1445.12,997.33,0,0.0736984,0,1,0,64,0.05,7,60,4,1299.94,1284.72,0
10.9541,79,19,1587,1105.62,0,0.0737057,0,1,1,96,0.2,7,60,4,1833.08,1765.78,0
10.9644,93,19,1490.23,1006.13,0,0,0,0,0,0,0,7,60,0,1956.99,1890.73,19.08
10.9659,95,26,1266.23,1300.68,0,0,0,0,0,0,0,7,60,0,1418.07,805.78,0
10.9667,96,19,1583.37,1099.64,0,0.073825,0,1,1,32,0.15,7,60,4,1198.48,1398.58,2.39
10.9704,101,10,1418.07,805.78,0,0,0,0,0,0,0,7,60,0,1730.82,941.03,0
10.977,110,11,1480.05,772.489,12.5219,0.289488,0,1,0,0,0,7,60,4,1705.6,1277.65,0
10.9807,115,21,2067.02,1044.35,0,0.0739517,0,1,0,0,0,7,60,4,1462.3,1001.73,0
10.9815,116,28,1705.6,1277.65,0,0,0,0,0,0,0,7,60,0,1887.57,2099.09,14.31
10.9896,127,46,2321.23,1878.77,0,0.0740281,0,1,0,0,0,7,60,4,1301.91,1280.86,0
10.9911,129,19,1459.93,998.13,0,0,0,0,0,0,0,7,60,0,2305.76,1155.44,0
10.9919,130,45,2094.19,1871.45,0,0.0740467,0,1,0,0,0,7,60,4,1894.23,1888.89,0
11.0022,9,27,1502.11,1357.52,0,0,0,0,0,0,0,7,60,0,1742.39,958.375,0
11.0037,11,12,1943.1,814.78,16.47,2.61807,2.9,0,0,0,0,7,60,0,1275.88,1298.01,0
11.0133,24,28,1717.35,1273.48,0,0.0742175,-0.1,1,1,2,0.1,7,60,4,2293.25,1877.18,0
11.0148,26,27,1501.03,1354.51,0,0,0,0,0,0,0,7,60,0,1989.18,2222.24,0
11.017,29,27,1650.21,1219.74,0,0.0742453,0,1,0,0,0,7,60,4,1558.61,1589.24,0
11.0348,53,20,1724.98,976.04,0,0.0743717,0,1,1,32,0.15,7,60,4,1223.22,2090.82,0
11.037,56,20,1785.49,1041.14,0,0.0743866,0,1,1,32,0.15,7,60,4,1663.42,1237.34,0
11.04,60,19,1497.15,1007.14,0,0,0,0,0,0,0,7,60,0,1602.31,1786.36,0
11.0437,65,20,1719.13,979.98,0,0,0,0,0,0,0,7,60,0,1431.33,994.63,0
11.0481,71,18,1431.33,994.63,0,0.0744588,0,1,0,0,0,7,60,4,1438.23,995.98,0
11.0533,78,18,1445.12,997.33,0,0.074491,0,1,0,64,0.05,7,60,4,1299.94,1284.72,0
11.0541,79,19,1587,1105.62,0,0.0744955,0,1,1,96,0.2,7,60,4,1833.08,1765.78,0
11.0644,93,19,1490.23,1006.13,0,0,0,0,0,0,0,7,60,0,1958.93,1890.37,20.02
11.0659,95,26,1266.23,1300.68,0,0,0,0,0,0,0,7,60,0,1418.07,805.78,0
11.0667,96,19,1583.37,1099.64,0,0.0745691,0,1,0,0,0,7,60,4,1198.49,1398.49,0.13
11.0704,101,10,1418.07,805.78,0,0,0,0,0,0,0,7,60,0,1730.82,941.03,0
11.077,110,11,1481.1,772.719,13.4528,0.29071,7.8,1,1,132,0.2,7,60,4,1705.6,1277.65,0
11.0807,115,21,2067.02,1044.35,0,0.0746446,0,1,0,0,0,7,60,4,1462.3,1001.73,0
11.0815,116,28,1705.6,1277.65,0,0,0,0,0,0,0,7,60,0,1887.39,2098.01,10.31
11.0896,127,46,2321.23,1878.77,0,0.0746886,0,1,0,0,0,7,60,4,1301.91,1280.86,0
11.0911,129,19,1459.93,998.13,0,0,0,0,0,0,0,7,60,0,2305.76,1155.44,0
11.0919,130,45,2094.19,1871.45,0,0.0746991,0,1,0,0,0,7,60,4,1894.23,1888.89,0
11.1022,9,27,1502.11,1357.52,0,0,0,0,0,0,0,7,60,0,1742.39,958.375,0
11.1037,11,12,1941.67,815.604,16.47,2.61807,0,0,0,0,0,7,60,0,1275.88,1298.01,0
11.1133,24,28,1717.35,1273.48,0,0.0747915,0,1,0,0,0,7,60,4,2293.25,1877.18,0
11.1148,26,27,1501.03,1354.51,0,0,0,0,0,0,0,7,60,0,1989.18,2222.24,0
11.117,29,27,1650.21,1219.74,0,0.0748058,0,1,1,32,0.15,7,60,4,1558.61,1589.24,0
11.1348,53,20,1724.98,976.04,0,0.0748671,0,1,0,0,0,7,60,4,1223.22,2090.82,0
11.137,56,20,1785.49,1041.14,0,0.074874,0,1,1,32,0.15,7,60,4,1663.42,1237.34,0
11.14,60,19,1497.15,1007.14,0,0,0,0,0,0,0,7,60,0,1602.31,1786.36,0
11.1437,65,20,1719.13,979.98,0,0,0,0,0,0,0,7,60,0,1431.33,994.63,0
11.1481,71,18,1431.33,994.63,0,0.0749055,0,1,0,0,0,7,60,4,1438.23,995.98,0
11.1533,78,18,1445.12,997.33,0,0.0749187,0,1,0,64,0.05,7,60,4,1299.94,1284.72,0
11.1541,79,19,1587,1105.62,0,0.0749205,0,1,1,96,0.2,7,60,4,1833.08,1765.78,0
11.1644,93,19,1490.23,1006.13,0,0,0,0,0,0,0,7,60,0,1960.9,1890,20.02
11.1659,95,26,1266.23,1300.68,0,0,0,0,0,0,0,7,60,0,1418.07,805.78,0
11.1667,96,19,1583.37,1099.64,0,0.074948,0,1,1,32,0.15,7,60,4,1198.49,1398.48,0.13
11.1704,101,10,1418.07,805.78,0,0,0,0,0,0,0,7,60,0,1730.82,941.03,0
11.177,110,11,1482.16,772.953,13.4207,0.291051,0,1,1,128,0.1,7,60,4,1705.6,1277.65,0
11.1807,115,21,2067.02,1044.35,0,0.0749719,0,1,0,0,0,7,60,4,1462.3,1001.73,0
11.1815,116,28,1705.6,1277.65,0,0,0,0,0,0,0,7,60,0,1887.22,2096.99,10.31
11.1896,127,46,2321.23,1878.77,0,0.0749832,0,1,0,0,0,7,60,4,1301.91,1280.86,0
11.1911,129,19,1459.93,998.13,0,0,0,0,0,0,0,7,60,0,2305.76,1155.44,0
11.1919,130,45,2094.19,1871.45,0,0.0749856,0,1,0,0,0,7,60,4,1894.23,1888.89,0
11.2022,9,27,1502.11,1357.52,0,0,0,0,0,0,0,7,60,0,1742.39,958.375,0
11.2037,11,12,1940.24,816.427,16.47,2.61807,0,0,0,0,0,7,60,0,1275.88,1298.01,0
11.2133,24,28,1717.35,1273.48,0,0.0749992,0,1,0,0,0,7,60,4,2293.25,1877.18,0
11.2148,26,27,1501.03,1354.51,0,0,0,0,0,0,0,7,60,0,1989.18,2222.24,0
11.217,29,27,1650.21,1219.74,0,0.0749999,0,1,1,32,0.15,7,60,4,1558.61,1589.24,0
11.2348,53,20,1724.98,976.04,0,0.0749959,0,1,1,32,0.15,7,60,4,1223.22,2090.82,0
11.237,56,20,1785.49,1041.14,0,0.0749946,0,1,1,32,0.15,7,60,4,1663.42,1237.34,0
11.24,60,19,1497.15,1007.14,0,0,0,0,0,0,0,7,60,0,1602.31,1786.36,0
11.2437,65,20,1719.13,979.98,0,0,0,0,0,0,0,7,60,0,1431.33,994.63,0
11.2481,71,18,1431.33,994.63,0,0.0749853,0,1,0,0,0,7,60,4,1438.23,995.98,0
11.2533,78,18,1445.12,997.33,0,0.0749794,0,1,0,64,0.05,7,60,4,1299.94,1284.72,0
11.2541,79,19,1587,1105.62,0,0.0749785,0,1,1,96,0.2,7,60,4,1833.08,1765.78,0
11.2644,93,19,1490.23,1006.13,0,0,0,0,0,0,0,7,60,0,1962.87,1889.63,20.02
11.2659,95,26,1266.23,1300.68,0,0,0,0,0,0,0,7,60,0,1418.07,805.78,0
11.2667,96,19,1583.37,1099.64,0,0.0749598,0,1,1,32,0.15,7,60,4,1198.49,1398.47,0.13
11.2704,101,10,1418.07,805.78,0,0,0,0,0,0,0,7,60,0,1730.82,941.03,0
11.277,110,11,1483.23,773.188,13.3888,0.291025,0,1,1,128,0.1,7,60,4,1705.6,1277.65,0
11.2807,115,21,2067.02,1044.35,0,0.0749319,0,1,0,0,0,7,60,4,1462.3,1001.73,0
11.2815,116,28,1705.6,1277.65,0,0,0,0,0,0,0,7,60,0,1887.06,2095.98,10.31
11.2896,127,46,2321.23,1878.77,0,0.0749106,0,1,0,0,0,7,60,4,1301.91,1280.86,0
11.2911,129,19,1459.93,998.13,0,0,0,0,0,0,0,7,60,0,2305.76,1155.44,0
11.2919,130,45,2094.19,1871.45,0,0.0749048,0,1,0,0,0,7,60,4,1894.23,1888.89,0
11.3022,9,27,1502.11,1357.52,0,0,0,0,0,0,0,7,60,0,1742.39,958.375,0
11.3037,11,12,1938.82,817.251,16.47,2.61807,0,0,0,0,0,7,60,0,1275.88,1298.01,0
11.3133,24,28,1717.35,1273.48,0,0.0748395,0,1,0,0,0,7,60,4,2293.25,1877.18,0
11.3148,26,27,1501.03,1354.51,0,0,0,0,0,0,0,7,60,0,1989.18,2222.24,0
11.317,29,27,1650.21,1219.74,0,0.0748266,0,1,1,32,0.15,7,60,4,1558.61,1589.24,0
11.3348,53,20,1724.98,976.04,0,0.0747574,0,1,1,32,0.15,7,60,4,1223.22,2090.82,0
11.337,56,20,1785.49,1041.14,0,0.0747479,0,1,1,32,0.15,7,60,4,1663.42,1237.34,0
11.34,60,19,1497.15,1007.14,0,0,0,0,0,0,0,7,60,0,1602.31,1786.36,0
11.3437,65,20,1719.13,979.98,0,0,0,0,0,0,0,7,60,0,1431.33,994.63,0
11.3481,71,18,1431.33,994.63,0,0.0746978,0,1,0,0,0,7,60,4,1438.23,995.98,0
11.3533,78,18,1445.12,997.33,0,0.074673,0,1,0,64,0.05,7,60,4,1299.94,1284.72,0
11.3541,79,19,1587,1105.62,0,0.0746693,0,1,1,96,0.2,7,60,4,1833.08,1765.78,0
11.3644,93,19,1490.23,1006.13,0,0,0,0,0,0,0,7,60,0,1964.83,1889.27,20.02
11.3659,95,26,1266.23,1300.68,0,0,0,0,0,0,0,7,60,0,1418.07,805.78,0
11.3667,96,19,1583.37,1099.64,0,0.0746044,0,1,1,32,0.15,7,60,4,1198.49,1398.45,0.13
11.3704,101,10,1418.07,805.78,0,0,0,0,0,0,0,7,60,0,1730.82,941.03,0
11.377,110,11,1484.3,773.422,13.3571,0.290631,0,1,1,128,0.1,7,60,4,1705.6,1277.65,0
11.3807,115,21,2067.02,1044.35,0,0.074525,0,1,0,0,0,7,60,4,1462.3,1001.73,0
11.3815,116,28,1705.6,1277.65,0,0,0,0,0,0,0,7,60,0,1886.89,2094.96,10.31
11.3896,127,46,2321.23,1878.77,0,0.0744711,0,1,0,0,0,7,60,4,1301.91,1280.86,0
11.3911,129,19,1459.93,998.13,0,0,0,0,0,0,0,7,60,0,2305.76,1155.44,0
11.3919,130,45,2094.19,1871.45,0,0.0744572,0,1,0,0,0,7,60,4,1894.23,1888.89,0
11.4022,9,27,1502.11,1357.52,0,0,0,0,0,0,0,7,60,0,1742.39,958.375,0
11.4037,11,12,1937.39,818.074,16.47,2.61807,0,0,0,0,0,7,60,0,1275.88,1298.01,0
11.4133,24,28,1717.35,1273.48,0,0.0743133,0,1,0,0,0,7,60,4,2293.25,1877.18,0
11.4148,26,27,1501.03,1354.51,0,0,0,0,0,0,0,7,60,0,1989.18,2222.24,0
11.417,29,27,1650.21,1219.74,0,0.0742868,0,1,1,32,0.15,7,60,4,1558.61,1589.24,0
11.4348,53,20,1724.98,976.04,0,0.0741526,0,1,1,32,0.15,7,60,4,1223.22,2090.82,0
11.437,56,20,1785.49,1041.14,0,0.0741351,0,1,1,32,0.15,7,60,4,1663.42,1237.34,0
11.44,60,19,1497.15,1007.14,0,0,0,0,0,0,0,7,60,0,1602.31,1786.36,0
11.4437,65,20,1719.13,979.98,0,0,0,0,0,0,0,7,60,0,1431.33,994.63,0
11.4481,71,18,1431.33,994.63,0,0.0740445,0,1,0,0,0,7,60,4,1438.23,995.98,0
11.4533,78,18,1445.12,997.33,0,0.0740007,0,1,0,64,0.05,7,60,4,1299.94,1284.72,0
11.4541,79,19,1587,1105.62,0,0.0739944,0,1,1,96,0.2,7,60,4,1833.08,1765.78,0
11.4644,93,19,1490.23,1006.13,0,0,0,0,0,0,0,7,60,0,1966.8,1888.9,20.02
11.4659,95,26,1266.23,1300.68,0,0,0,0,0,0,0,7,60,0,1418.07,805.78,0
11.4667,96,19,1583.37,1099.64,0,0.0738836,0,1,1,32,0.15,7,60,4,1198.49,1398.44,0.13
11.4704,101,10,1418.07,805.78,0,0,0,0,0,0,0,7,60,0,1730.82,941.03,0
11.477,110,11,1485.36,773.656,13.3257,0.289873,0,1,0,0,0,7,60,4,1705.6,1277.65,0
11.4807,115,21,2067.02,1044.35,0,0.0737529,0,1,0,0,0,7,60,4,1462.3,1001.73,0
11.4815,116,28,1705.6,1277.65,0,0,0,0,0,0,0,7,60,0,1886.72,2093.94,10.31
11.4896,127,46,2321.23,1878.77,0,0.0736668,0,1,0,0,0,7,60,4,1301.91,1280.86,0
11.4911,129,19,1459.93,998.13,0,0,0,0,0,0,0,7,60,0,2305.76,1155.44,0
11.4919,130,45,2094.19,1871.45,0,0.0736447,0,1,0,0,0,7,60,4,1894.23,1888.89,0
11.5022,9,27,1502.11,1357.52,0,0,0,0,0,0,0,7,60,0,1742.39,958.375,0
11.5037,11,12,1935.97,818.897,16.47,2.61807,0,0,0,0,0,7,60,0,1275.88,1298.01,0
11.5133,24,28,1717.35,1273.48,0,0.0734231,0,1,0,0,0,7,60,4,2293.25,1877.18,0
11.5148,26,27,1501.03,1354.51,0,0,0,0,0,0,0,7,60,0,1989.18,2222.24,0
11.517,29,27,1650.21,1219.74,0,0.0733832,0,1,1,32,0.15,7,60,4,1558.61,1589.24,0
11.5348,53,20,1724.98,976.04,0,0.0731847,0,1,1,32,0.15,7,60,4,1223.22,2090.82,0
11.537,56,20,1785.49,1041.14,0,0.0731591,0,1,1,32,0.15,7,60,4,1663.42,1237.34,0
11.54,60,19,1497.15,1007.14,0,0,0,0,0,0,0,7,60,0,1602.31,1786.36,0
11.5437,65,20,1719.13,979.98,0,0,0,0,0,0,0,7,60,0,1431.33,994.63,0
11.5481,71,18,1431.33,994.63,0,0.0730284,0,1,0,0,0,7,60,4,1438.23,995.98,0
11.5533,78,18,1445.12,997.33,0,0.072966,0,1,0,64,0.05,7,60,4,1299.94,1284.72,0
11.5541,79,19,1587,1105.62,0,0.072957,0,1,1,96,0.2,7,60,4,1833.08,1765.78,0
11.5644,93,19,1490.23,1006.13,0,0,0,0,0,0,0,7,60,0,1968.77,1888.54,20.02
11.5659,95,26,1266.23,1300.68,0,0,0,0,0,0,0,7,60,0,1418.07,805.78,0
11.5667,96,19,1583.37,1099.64,0,0.0728009,0,1,1,32,0.15,7,60,4,1198.5,1398.43,0.13
11.5704,101,10,1418.07,805.78,0,0,0,0,0,0,0,7,60,0,1730.82,941.03,0
11.577,110,11,1486.43,773.89,13.2945,0.288753,0,1,0,0,0,7,60,4,1705.6,1277.65,0
11.5807,115,21,2067.02,1044.35,0,0.0726198,0,1,0,0,0,7,60,4,1462.3,1001.73,0
11.5815,116,28,1705.6,1277.65,0,0,0,0,0,0,0,7,60,0,1886.55,2092.92,10.31
11.5896,127,46,2321.23,1878.77,0,0.0725017,0,1,0,0,0,7,60,4,1301.91,1280.86,0
11.5911,129,19,1459.93,998.13,0,0,0,0,0,0,0,7,60,0,2305.76,1155.44,0
11.5919,130,45,2094.19,1871.45,0,0.0724718,0,1,0,0,0,7,60,4,1894.23,1888.89,0
11.6022,9,27,1502.11,1357.52,0,0,0,0,0,0,0,7,60,0,1742.39,958.375,0
11.6037,11,12,1934.54,819.721,16.47,2.61807,0,0,0,0,0,7,60,0,1275.88,1298.01,0
11.6133,24,28,1717.35,1273.48,0,0.0721732,0,1,0,0,0,7,60,4,2293.25,1877.18,0
11.6148,26,27,1501.03,1354.51,0,0,0,0,0,0,0,7,60,0,1989.18,2222.24,0
11.617,29,27,1650.21,1219.74,0,0.0721201,0,1,1,32,0.15,7,60,4,1558.61,1589.24,0
11.6348,53,20,1724.98,976.04,0,0.0718584,0,1,1,32,0.15,7,60,4,1223.22,2090.82,0
11.637,56,20,1785.49,1041.14,0,0.0718248,0,1,1,32,0.15,7,60,4,1663.42,1237.34,0
11.64,60,19,1497.15,1007.14,0,0,0,0,0,0,0,7,60,0,1602.31,1786.36,0
11.6437,65,20,1719.13,979.98,0,0,0,0,0,0,0,7,60,0,1431.33,994.63,0
11.6481,71,18,1431.33,994.63,0,0.0716548,0,1,0,0,0,7,60,4,1438.23,995.98,0
11.6533,78,18,1445.12,997.33,0,0.0715738,0,1,0,64,0.05,7,60,4,1299.94,1284.72,0
11.6541,79,19,1587,1105.62,0,0.0715623,0,1,1,96,0.2,7,60,4,1833.08,1765.78,0
11.6644,93,19,1490.23,1006.13,0,0,0,0,0,0,0,7,60,0,1970.74,1888.17,20.02
11.6659,95,26,1266.23,1300.68,0,0,0,0,0,0,0,7,60,0,1418.07,805.78,0
11.6667,96,19,1583.37,1099.64,0,0.0713615,0,1,1,32,0.15,7,60,4,1198.5,1398.41,0.13
11.6704,101,10,1418.07,805.78,0,0,0,0,0,0,0,7,60,0,1730.82,941.03,0
11.677,110,11,1487.5,774.124,13.2637,0.287277,0,1,0,0,0,7,60,4,1705.6,1277.65,0
11.6807,115,21,2067.02,1044.35,0,0.0711309,0,1,0,0,0,7,60,4,1462.3,1001.73,0
11.6815,116,28,1705.6,1277.65,0,0,0,0,0,0,0,7,60,0,1886.38,2091.91,10.31
11.6896,127,46,2321.23,1878.77,0,0.0709814,0,1,0,0,0,7,60,4,1301.91,1280.86,0
11.6911,129,19,1459.93,998.13,0,0,0,0,0,0,0,7,60,0,2305.76,1155.44,0
11.6919,130,45,2094.19,1871.45,0,0.0709437,0,1,0,0,0,7,60,4,1894.23,1888.89,0
11.7022,9,27,1502.11,1357.52,0,0,0,0,0,0,0,7,60,0,1742.39,958.375,0
11.7037,11,12,1933.11,820.544,16.47,2.61807,0,0,0,0,0,7,60,0,1275.88,1298.01,0
11.7133,24,28,1717.35,1273.48,0,0.0705698,0,1,0,0,0,7,60,4,2293.25,1877.18,0
11.7148,26,27,1501.03,1354.51,0,0,0,0,0,0,0,7,60,0,1989.18,2222.24,0
11.717,29,27,1650.21,1219.74,0,0.0705037,0,1,1,32,0.15,7,60,4,1558.61,1589.24,0
11.7348,53,20,1724.98,976.04,0,0.0701801,0,1,1,32,0.15,7,60,4,1223.22,2090.82,0
11.737,56,20,1785.49,1041.14,0,0.0701387,0,1,1,32,0.15,7,60,4,1663.42,1237.34,0
11.74,60,19,1497.15,1007.14,0,0,0,0,0,0,0,7,60,0,1602.31,1786.36,0
11.7437,65,20,1719.13,979.98,0,0,0,0,0,0,0,7,60,0,1431.33,994.63,0
11.7481,71,18,1431.33,994.63,0,0.0699301,0,1,0,0,0,7,60,4,1438.23,995.98,0
11.7533,78,18,1445.12,997.33,0,0.0698311,0,1,0,64,0.05,7,60,4,1299.94,1284.72,0
11.7541,79,19,1587,1105.62,0,0.069817,0,1,1,96,0.2,7,60,4,1833.08,1765.78,0
11.7644,93,19,1490.23,1006.13,0,0,0,0,0,0,0,7,60,0,1972.71,1887.81,20.02
11.7659,95,26,1266.23,1300.68,0,0,0,0,0,0,0,7,60,0,1418.07,805.78,0
11.7667,96,19,1583.37,1099.64,0,0.0695729,0,1,1,32,0.15,7,60,4,1198.5,1398.4,0.13
11.7704,101,10,1418.07,805.78,0,0,0,0,0,0,0,7,60,0,1730.82,941.03,0
11.777,110,11,1488.56,774.358,13.2333,0.285452,0,1,0,0,0,7,60,4,1705.6,1277.65,0
11.7807,115,21,2067.02,1044.35,0,0.0692935,0,1,0,0,0,7,60,4,1462.3,1001.73,0
11.7815,116,28,1705.6,1277.65,0,0,0,0,0,0,0,7,60,0,1886.22,2090.89,10.31
11.7896,127,46,2321.23,1878.77,0,0.0691137,0,1,0,0,0,7,60,4,1301.91,1280.86,0
11.7911,129,19,1459.93,998.13,0,0,0,0,0,0,0,7,60,0,2305.76,1155.44,0
11.7919,130,45,2094.19,1871.45,0,0.0690681,0,1,0,0,0,7,60,4,1894.23,1888.89,0
11.8022,9,27,1502.11,1357.52,0,0,0,0,0,0,0,7,60,0,1742.39,958.375,0
11.8037,11,12,1931.69,821.368,16.47,2.61807,0,0,0,0,0,7,60,0,1275.88,1298.01,0
11.8133,24,28,1717.35,1273.48,0,0.0686207,0,1,0,0,0,7,60,4,2293.25,1877.18,0
11.8148,26,27,1501.03,1354.51,0,0,0,0,0,0,0,7,60,0,1989.18,2222.24,0
11.817,29,27,1650.21,1219.74,0,0.068542,0,1,1,32,0.15,7,60,4,1558.61,1589.24,0
11.8348,53,20,1724.98,976.04,0,0.0681579,0,1,1,32,0.15,7,60,4,1223.22,2090.82,0
11.837,56,20,1785.49,1041.14,0,0.0681093,0,1,1,32,0.15,7,60,4,1663.42,1237.34,0
11.84,60,19,1497.15,1007.14,0,0,0,0,0,0,0,7,60,0,1602.31,1786.36,0
11.8437,65,20,1719.13,979.98,0,0,0,0,0,0,0,7,60,0,1431.33,994.63,0
11.8481,71,18,1431.33,994.63,0,0.0678629,0,1,0,0,0,7,60,4,1438.23,995.98,0
11.8533,78,18,1445.12,997.33,0,0.0677466,0,1,0,64,0.05,7,60,4,1299.94,1284.72,0
11.8541,79,19,1587,1105.62,0,0.06773,0,1,1,96,0.2,7,60,4,1833.08,1765.78,0
11.8644,93,19,1490.23,1006.13,0,0,0,0,0,0,0,7,60,0,1974.68,1887.44,20.02
11.8659,95,26,1266.23,1300.68,0,0,0,0,0,0,0,7,60,0,1418.07,805.78,0
11.8667,96,19,1583.37,1099.64,0,0.0674433,0,1,1,32,0.15,7,60,4,1198.5,1398.39,0.13
11.8704,101,10,1418.07,805.78,0,0,0,0,0,0,0,7,60,0,1730.82,941.03,0
11.877,110,11,1489.63,774.592,13.2032,0.283288,0,1,0,0,0,7,60,4,1705.6,1277.65,0
11.8807,115,21,2067.02,1044.35,0,0.0671167,0,1,0,0,0,7,60,4,1462.3,1001.73,0
11.8815,116,28,1705.6,1277.65,0,0,0,0,0,0,0,7,60,0,1886.05,2089.87,10.31
11.8896,127,46,2321.23,1878.77,0,0.0669072,0,1,0,0,0,7,60,4,1301.91,1280.86,0
11.8911,129,19,1459.93,998.13,0,0,0,0,0,0,0,7,60,0,2305.76,1155.44,0
11.8919,130,45,2094.19,1871.45,0,0.0668546,0,1,0,0,0,7,60,4,1894.23,1888.89,0
11.9022,9,27,1502.11,1357.52,0,0,0,0,0,0,0,7,60,0,1742.39,958.375,0
11.9037,11,12,1930.26,822.191,16.47,2.61807,0,0,0,0,0,7,60,0,1275.88,1298.01,0
11.9133,24,28,1717.35,1273.48,0,0.0663358,0,1,0,0,0,7,60,4,2293.25,1877.18,0
11.9148,26,27,1501.03,1354.51,0,0,0,0,0,0,0,7,60,0,1989.18,2222.24,0
11.917,29,27,1650.21,1219.74,0,0.0662449,0,1,1,32,0.15,7,60,4,1558.61,1589.24,0
11.9348,53,20,1724.98,976.04,0,0.0658019,0,1,1,32,0.15,7,60,4,1223.22,2090.82,0
11.937,56,20,1785.49,1041.14,0,0.065746,0,1,1,32,0.15,7,60,4,1663.42,1237.34,0
11.94,60,19,1497.15,1007.14,0,0,0,0,0,0,0,7,60,0,1602.31,1786.36,0
11.9437,65,20,1719.13,979.98,0,0,0,0,0,0,0,7,60,0,1431.33,994.63,0
11.9481,71,18,1431.33,994.63,0,0.0654632,0,1,0,0,0,7,60,4,1438.23,995.98,0
11.9533,78,18,1445.12,997.33,0,0.0653301,0,1,0,64,0.05,7,60,4,1299.94,1284.72,0
11.9541,79,19,1587,1105.62,0,0.065311,0,1,1,96,0.2,7,60,4,1833.08,1765.78,0
11.9644,93,19,1490.23,1006.13,0,0,0,0,0,0,0,7,60,0,1976.64,1887.07,20.02
11.9659,95,26,1266.23,1300.68,0,0,0,0,0,0,0,7,60,0,1418.07,805.78,0
11.9667,96,19,1583.37,1099.64,0,0.0649834,0,1,1,32,0.15,7,60,4,1198.5,1398.37,0.13
11.9704,101,10,1418.07,805.78,0,0,0,0,0,0,0,7,60,0,1730.82,941.03,0
11.977,110,11,1490.7,774.826,13.1735,0.280795,0,1,0,0,0,7,60,4,1705.6,1277.65,0
11.9807,115,21,2067.02,1044.35,0,0.0646112,0,1,0,0,0,7,60,4,1462.3,1001.73,0
11.9815,116,28,1705.6,1277.65,0,0,0,0,0,0,0,7,60,0,1885.88,2088.86,10.31
11.9896,127,46,2321.23,1878.77,0,0.064373,0,1,0,0,0,7,60,4,1301.91,1280.86,0
11.9911,129,19,1459.93,998.13,0,0,0,0,0,0,0,7,60,0,2305.76,1155.44,0
11.9919,130,45,2094.19,1871.45,0,0.0643132,0,1,0,0,0,7,60,4,1894.23,1888.89,0
12.0022,9,27,1502.11,1357.52,0,0,0,0,0,0,0,7,60,0,1742.39,958.375,0
12.0037,11,12,1928.86,823,16.22,2.61854,-2.5,0,0,0,0,7,60,0,1275.88,1298.01,0
12.0133,24,28,1717.35,1273.48,0,0.0637257,0,1,0,0,0,7,60,4,2293.25,1877.18,0
12.0148,26,27,1501.03,1354.51,0,0,0,0,0,0,0,7,60,0,1989.18,2222.24,0
12.017,29,27,1650.21,1219.74,0,0.063623,0,1,0,0,0,7,60,4,1558.61,1589.24,0
12.0348,53,20,1724.98,976.04,0,0.063124,0,1,1,32,0.15,7,60,4,1223.22,2090.82,0
12.037,56,20,1785.49,1041.14,0,0.0630607,0,1,1,32,0.15,7,60,4,1663.42,1237.34,0
12.04,60,19,1497.15,1007.14,0,0,0,0,0,0,0,7,60,0,1602.31,1786.36,0
12.0437,65,20,1719.13,979.98,0,0,0,0,0,0,0,7,60,0,1431.33,994.63,0
12.0481,71,18,1431.33,994.63,0,0.0627432,0,1,0,0,0,7,60,4,1438.23,995.98,0
12.0533,78,18,1445.12,997.33,0,0.0625935,0,1,0,64,0.05,7,60,4,1299.94,1284.72,0
12.0541,79,19,1587,1105.62,0,0.0625721,0,1,1,96,0.2,7,60,4,1833.08,1765.78,0
12.0644,93,19,1490.23,1006.13,0,0,0,0,0,0,0,7,60,0,1978.67,1886.78,21.18
12.0659,95,26,1266.23,1300.68,0,0,0,0,0,0,0,7,60,0,1418.07,805.78,0
12.0667,96,19,1583.37,1099.64,0,0.0622051,0,1,0,0,0,7,60,4,1198.5,1398.37,0.04
12.0704,101,10,1418.07,805.78,0,0,0,0,0,0,0,7,60,0,1730.82,941.03,0
12.077,110,11,1491.85,774.903,14.1914,0.087713,8.7,1,1,134,0.3,7,60,4,1705.6,1277.65,0
12.0807,115,21,2067.02,1044.35,0,0.0617895,0,1,0,0,0,7,60,4,1462.3,1001.73,0
12.0815,116,28,1705.6,1277.65,0,0,0,0,0,0,0,7,60,0,1885.77,2088.16,6.31
12.0896,127,46,2321.23,1878.77,0,0.0615239,0,1,0,0,0,7,60,4,1301.91,1280.86,0
12.0911,129,19,1459.93,998.13,0,0,0,0,0,0,0,7,60,0,2305.76,1155.44,0
12.0919,130,45,2094.19,1871.45,0,0.0614569,0,1,0,0,0,7,60,4,1894.23,1888.89,0
12.1022,9,27,1502.11,1357.52,0,0,0,0,0,0,0,7,60,0,1742.39,958.375,0
12.1037,11,12,1927.45,823.81,16.22,2.61854,0,0,0,0,0,7,60,0,1275.88,1298.01,0
12.1133,24,28,1717.35,1273.48,0,0.0608035,0,1,0,0,0,7,60,4,2293.25,1877.18,0
12.1148,26,27,1501.03,1354.51,0,0,0,0,0,0,0,7,60,0,1989.18,2222.24,0
12.117,29,27,1650.21,1219.74,0,0.0606895,0,1,1,32,0.15,7,60,4,1558.61,1589.24,0
12.1348,53,20,1724.98,976.04,0,0.0601365,0,1,0,0,0,7,60,4,1223.22,2090.82,0
12.137,56,20,1785.49,1041.14,0,0.0600665,0,1,1,32,0.15,7,60,4,1663.42,1237.34,0
12.14,60,19,1497.15,1007.14,0,0,0,0,0,0,0,7,60,0,1602.31,1786.36,0
12.1437,65,20,1719.13,979.98,0,0,0,0,0,0,0,7,60,0,1431.33,994.63,0
12.1481,71,18,1431.33,994.63,0,0.0597156,0,1,0,0,0,7,60,4,1438.23,995.98,0
12.1533,78,18,1445.12,997.33,0,0.0595503,0,1,0,64,0.05,7,60,4,1299.94,1284.72,0
12.1541,79,19,1587,1105.62,0,0.0595267,0,1,1,96,0.2,7,60,4,1833.08,1765.78,0
12.1644,93,19,1490.23,1006.13,0,0,0,0,0,0,0,7,60,0,1980.77,1886.51,21.18
12.1659,95,26,1266.23,1300.68,0,0,0,0,0,0,0,7,60,0,1418.07,805.78,0
12.1667,96,19,1583.37,1099.64,0,0.0591225,0,1,1,32,0.15,7,60,4,1198.5,1398.36,0.04
12.1704,101,10,1418.07,805.78,0,0,0,0,0,0,0,7,60,0,1730.82,941.03,0
12.177,110,11,1493.03,774.934,14.1603,0.0845993,0,1,1,128,0.1,7,60,4,1705.6,1277.65,0
12.1807,115,21,2067.02,1044.35,0,0.0586649,0,1,0,0,0,7,60,4,1462.3,1001.73,0
12.1815,116,28,1705.6,1277.65,0,0,0,0,0,0,0,7,60,0,1885.66,2087.54,6.31
12.1896,127,46,2321.23,1878.77,0,0.058373,0,1,0,0,0,7,60,4,1301.91,1280.86,0
12.1911,129,19,1459.93,998.13,0,0,0,0,0,0,0,7,60,0,2305.76,1155.44,0
12.1919,130,45,2094.19,1871.45,0,0.0582995,0,1,0,0,0,7,60,4,1894.23,1888.89,0
12.2022,9,27,1502.11,1357.52,0,0,0,0,0,0,0,7,60,0,1742.39,958.375,0
12.2037,11,12,1926.05,824.62,16.22,2.61854,0,0,0,0,0,7,60,0,1275.88,1298.01,0
12.2133,24,28,1717.35,1273.48,0,0.0575834,0,1,0,0,0,7,60,4,2293.25,1877.18,0
12.2148,26,27,1501.03,1354.51,0,0,0,0,0,0,0,7,60,0,1989.18,2222.24,0
12.217,29,27,1650.21,1219.74,0,0.0574586,0,1,1,32,0.15,7,60,4,1558.61,1589.24,0
12.2348,53,20,1724.98,976.04,0,0.0568545,0,1,1,32,0.15,7,60,4,1223.22,2090.82,0
12.237,56,20,1785.49,1041.14,0,0.0567786,0,1,1,32,0.15,7,60,4,1663.42,1237.34,0
12.24,60,19,1497.15,1007.14,0,0,0,0,0,0,0,7,60,0,1602.31,1786.36,0
12.2437,65,20,1719.13,979.98,0,0,0,0,0,0,0,7,60,0,1431.33,994.63,0
12.2481,71,18,1431.33,994.63,0,0.0563955,0,1,0,0,0,7,60,4,1438.23,995.98,0
12.2533,78,18,1445.12,997.33,0,0.0562159,0,1,0,64,0.05,7,60,4,1299.94,1284.72,0
12.2541,79,19,1587,1105.62,0,0.0561897,0,1,1,96,0.2,7,60,4,1833.08,1765.78,0
12.2644,93,19,1490.23,1006.13,0,0,0,0,0,0,0,7,60,0,1982.87,1886.24,21.18
12.2659,95,26,1266.23,1300.68,0,0,0,0,0,0,0,7,60,0,1418.07,805.78,0
12.2667,96,19,1583.37,1099.64,0,0.05575,0,1,1,32,0.15,7,60,4,1198.5,1398.36,0.04
12.2704,101,10,1418.07,805.78,0,0,0,0,0,0,0,7,60,0,1730.82,941.03,0
12.277,110,11,1494.21,774.964,14.1298,0.0811976,0,1,1,128,0.1,7,60,4,1705.6,1277.65,0
12.2807,115,21,2067.02,1044.35,0,0.0552529,0,1,0,0,0,7,60,4,1462.3,1001.73,0
12.2815,116,28,1705.6,1277.65,0,0,0,0,0,0,0,7,60,0,1885.56,2086.92,6.31
12.2896,127,46,2321.23,1878.77,0,0.0549362,0,1,0,0,0,7,60,4,1301.91,1280.86,0
12.2911,129,19,1459.93,998.13,0,0,0,0,0,0,0,7,60,0,2305.76,1155.44,0
12.2919,130,45,2094.19,1871.45,0,0.054857,0,1,0,0,0,7,60,4,1894.23,1888.89,0
12.3022,9,27,1502.11,1357.52,0,0,0,0,0,0,0,7,60,0,1742.39,958.375,0
12.3037,11,12,1924.64,825.431,16.22,2.61854,0,0,0,0,0,7,60,0,1275.88,1298.01,0
12.3133,24,28,1717.35,1273.48,0,0.0540817,0,1,0,0,0,7,60,4,2293.25,1877.18,0
12.3148,26,27,1501.03,1354.51,0,0,0,0,0,0,0,7,60,0,1989.18,2222.24,0
12.317,29,27,1650.21,1219.74,0,0.0539469,0,1,1,32,0.15,7,60,4,1558.61,1589.24,0
12.3348,53,20,1724.98,976.04,0,0.053294,0,1,1,32,0.15,7,60,4,1223.22,2090.82,0
12.337,56,20,1785.49,1041.14,0,0.0532121,0,1,1,32,0.15,7,60,4,1663.42,1237.34,0
12.34,60,19,1497.15,1007.14,0,0,0,0,0,0,0,7,60,0,1602.31,1786.36,0
12.3437,65,20,1719.13,979.98,0,0,0,0,0,0,0,7,60,0,1431.33,994.63,0
12.3481,71,18,1431.33,994.63,0,0.0527991,0,1,0,0,0,7,60,4,1438.23,995.98,0
12.3533,78,18,1445.12,997.33,0,0.0526057,0,1,0,64,0.05,7,60,4,1299.94,1284.72,0
12.3541,79,19,1587,1105.62,0,0.052578,0,1,1,96,0.2,7,60,4,1833.08,1765.78,0
12.3644,93,19,1490.23,1006.13,0,0,0,0,0,0,0,7,60,0,1984.97,1885.97,21.18
12.3659,95,26,1266.23,1300.68,0,0,0,0,0,0,0,7,60,0,1418.07,805.78,0
12.3667,96,19,1583.37,1099.64,0,0.0521044,0,1,1,32,0.15,7,60,4,1198.5,1398.36,0.04
12.3704,101,10,1418.07,805.78,0,0,0,0,0,0,0,7,60,0,1730.82,941.03,0
12.377,110,11,1495.38,774.995,14.0997,0.0775247,0,1,1,128,0.1,7,60,4,1705.6,1277.65,0
12.3807,115,21,2067.02,1044.35,0,0.0515702,0,1,0,0,0,7,60,4,1462.3,1001.73,0
12.3815,116,28,1705.6,1277.65,0,0,0,0,0,0,0,7,60,0,1885.46,2086.29,6.31
12.3896,127,46,2321.23,1878.77,0,0.0512304,0,1,0,0,0,7,60,4,1301.91,1280.86,0
12.3911,129,19,1459.93,998.13,0,0,0,0,0,0,0,7,60,0,2305.76,1155.44,0
12.3919,130,45,2094.19,1871.45,0,0.0511453,0,1,0,0,0,7,60,4,1894.23,1888.89,0
12.4022,9,27,1502.11,1357.52,0,0,0,0,0,0,0,7,60,0,1742.39,958.375,0
12.4037,11,12,1923.24,826.241,16.22,2.61854,0,0,0,0,0,7,60,0,1275.88,1298.01,0
12.4133,24,28,1717.35,1273.48,0,0.0503147,0,1,0,0,0,7,60,4,2293.25,1877.18,0
12.4148,26,27,1501.03,1354.51,0,0,0,0,0,0,0,7,60,0,1989.18,2222.24,0
12.417,29,27,1650.21,1219.74,0,0.0501704,0,1,1,32,0.15,7,60,4,1558.61,1589.24,0
12.4348,53,20,1724.98,976.04,0,0.0494724,0,1,1,32,0.15,7,60,4,1223.22,2090.82,0
12.437,56,20,1785.49,1041.14,0,0.0493849,0,1,1,32,0.15,7,60,4,1663.42,1237.34,0
12.44,60,19,1497.15,1007.14,0,0,0,0,0,0,0,7,60,0,1602.31,1786.36,0
12.4437,65,20,1719.13,979.98,0,0,0,0,0,0,0,7,60,0,1431.33,994.63,0
12.4481,71,18,1431.33,994.63,0,0.0489442,0,1,0,0,0,7,60,4,1438.23,995.98,0
12.4533,78,18,1445.12,997.33,0,0.0487378,0,1,0,64,0.05,7,60,4,1299.94,1284.72,0
12.4541,79,19,1587,1105.62,0,0.0487083,0,1,1,96,0.2,7,60,4,1833.08,1765.78,0
12.4644,93,19,1490.23,1006.13,0,0,0,0,0,0,0,7,60,0,1987.07,1885.7,21.18
12.4659,95,26,1266.23,1300.68,0,0,0,0,0,0,0,7,60,0,1418.07,805.78,0
12.4667,96,19,1583.37,1099.64,0,0.0482036,0,1,1,32,0.15,7,60,4,1198.51,1398.35,0.04
12.4704,101,10,1418.07,805.78,0,0,0,0,0,0,0,7,60,0,1730.82,941.03,0
12.477,110,11,1496.56,775.025,14.0703,0.073599,0,1,1,128,0.1,7,60,4,1705.6,1277.65,0
12.4807,115,21,2067.02,1044.35,0,0.0476355,0,1,0,0,0,7,60,4,1462.3,1001.73,0
12.4815,116,28,1705.6,1277.65,0,0,0,0,0,0,0,7,60,0,1885.35,2085.67,6.31
12.4896,127,46,2321.23,1878.77,0,0.0472737,0,1,0,0,0,7,60,4,1301.91,1280.86,0
12.4911,129,19,1459.93,998.13,0,0,0,0,0,0,0,7,60,0,2305.76,1155.44,0
12.4919,130,45,2094.19,1871.45,0,0.0471833,0,1,0,0,0,7,60,4,1894.23,1888.89,0
12.5022,9,27,1502.11,1357.52,0,0,0,0,0,0,0,7,60,0,1742.39,958.375,0
12.5037,11,12,1921.83,827.051,16.22,2.61854,0,0,0,0,0,7,60,0,1275.88,1298.01,0
12.5133,24,28,1717.35,1273.48,0,0.0463013,0,1,0,0,0,7,60,4,2293.25,1877.18,0
12.5148,26,27,1501.03,1354.51,0,0,0,0,0,0,0,7,60,0,1989.18,2222.24,0
12.517,29,27,1650.21,1219.74,0,0.0461482,0,1,1,32,0.15,7,60,4,1558.61,1589.24,0
12.5348,53,20,1724.98,976.04,0,0.0454091,0,1,1,32,0.15,7,60,4,1223.22,2090.82,0
12.537,56,20,1785.49,1041.14,0,0.0453159,0,1,1,32,0.15,7,60,4,1663.42,1237.34,0
12.54,60,19,1497.15,1007.14,0,0,0,0,0,0,0,7,60,0,1602.31,1786.36,0
12.5437,65,20,1719.13,979.98,0,0,0,0,0,0,0,7,60,0,1431.33,994.63,0
12.5481,71,18,1431.33,994.63,0,0.04485,0,1,0,0,0,7,60,4,1438.23,995.98,0
12.5533,78,18,1445.12,997.33,0,0.0446312,0,1,0,64,0.05,7,60,4,1299.94,1284.72,0
12.5541,79,19,1587,1105.62,0,0.0446,0,1,1,96,0.2,7,60,4,1833.08,1765.78,0
12.5644,93,19,1490.23,1006.13,0,0,0,0,0,0,0,7,60,0,1989.17,1885.43,21.18
12.5659,95,26,1266.23,1300.68,0,0,0,0,0,0,0,7,60,0,1418.07,805.78,0
12.5667,96,19,1583.37,1099.64,0,0.0440666,0,1,1,32,0.15,7,60,4,1198.51,1398.35,0.04
12.5704,101,10,1418.07,805.78,0,0,0,0,0,0,0,7,60,0,1730.82,941.03,0
12.577,110,11,1497.74,775.056,14.0414,0.0694387,0,1,1,128,0.1,7,60,4,1705.6,1277.65,0
12.5807,115,21,2067.02,1044.35,0,0.0434669,0,1,0,0,0,7,60,4,1462.3,1001.73,0
12.5815,116,28,1705.6,1277.65,0,0,0,0,0,0,0,7,60,0,1885.25,2085.05,6.31
12.5896,127,46,2321.23,1878.77,0,0.0430859,0,1,0,0,0,7,60,4,1301.91,1280.86,0
12.5911,129,19,1459.93,998.13,0,0,0,0,0,0,0,7,60,0,2305.76,1155.44,0
12.5919,130,45,2094.19,1871.45,0,0.0429901,0,1,0,0,0,7,60,4,1894.23,1888.89,0
12.6022,9,27,1502.11,1357.52,0,0,0,0,0,0,0,7,60,0,1742.39,958.375,0
12.6037,11,12,1920.43,827.861,16.22,2.61854,0,0,0,0,0,7,60,0,1275.88,1298.01,0
12.6133,24,28,1717.35,1273.48,0,0.042061,0,1,0,0,0,7,60,4,2293.25,1877.18,0
12.6148,26,27,1501.03,1354.51,0,0,0,0,0,0,0,7,60,0,1989.18,2222.24,0
12.617,29,27,1650.21,1219.74,0,0.0418999,0,1,1,32,0.15,7,60,4,1558.61,1589.24,0
12.6348,53,20,1724.98,976.04,0,0.0411228,0,1,1,32,0.15,7,60,4,1223.22,2090.82,0
12.637,56,20,1785.49,1041.14,0,0.0410249,0,1,1,32,0.15,7,60,4,1663.42,1237.34,0
12.64,60,19,1497.15,1007.14,0,0,0,0,0,0,0,7,60,0,1602.31,1786.36,0
12.6437,65,20,1719.13,979.98,0,0,0,0,0,0,0,7,60,0,1431.33,994.63,0
12.6481,71,18,1431.33,994.63,0,0.0405356,0,1,0,0,0,7,60,4,1438.23,995.98,0
12.6533,78,18,1445.12,997.33,0,0.0403065,0,1,0,64,0.05,7,60,4,1299.94,1284.72,0
12.6541,79,19,1587,1105.62,0,0.0402732,0,1,1,96,0.2,7,60,4,1833.08,1765.78,0
12.6644,93,19,1490.23,1006.13,0,0,0,0,0,0,0,7,60,0,1991.27,1885.16,21.18
12.6659,95,26,1266.23,1300.68,0,0,0,0,0,0,0,7,60,0,1418.07,805.78,0
12.6667,96,19,1583.37,1099.64,0,0.0397144,0,1,1,32,0.15,7,60,4,1198.51,1398.35,0.04
12.6704,101,10,1418.07,805.78,0,0,0,0,0,0,0,7,60,0,1730.82,941.03,0
12.677,110,11,1498.92,775.086,14.0132,0.0650647,0,1,1,128,0.1,7,60,4,1705.6,1277.65,0
12.6807,115,21,2067.02,1044.35,0,0.0390854,0,1,0,0,0,7,60,4,1462.3,1001.73,0
12.6815,116,28,1705.6,1277.65,0,0,0,0,0,0,0,7,60,0,1885.15,2084.43,6.31
12.6896,127,46,2321.23,1878.77,0,0.0386865,0,1,0,0,0,7,60,4,1301.91,1280.86,0
12.6911,129,19,1459.93,998.13,0,0,0,0,0,0,0,7,60,0,2305.76,1155.44,0
12.6919,130,45,2094.19,1871.45,0,0.0385862,0,1,0,0,0,7,60,4,1894.23,1888.89,0
12.7022,9,27,1502.11,1357.52,0,0,0,0,0,0,0,7,60,0,1742.39,958.375,0
12.7037,11,12,1919.02,828.672,16.22,2.61854,0,0,0,0,0,7,60,0,1275.88,1298.01,0
12.7133,24,28,1717.35,1273.48,0,0.0376153,0,1,0,0,0,7,60,4,2293.25,1877.18,0
12.7148,26,27,1501.03,1354.51,0,0,0,0,0,0,0,7,60,0,1989.18,2222.24,0
12.717,29,27,1650.21,1219.74,0,0.037447,0,1,1,32,0.15,7,60,4,1558.61,1589.24,0
12.7348,53,20,1724.98,976.04,0,0.036635,0,1,1,32,0.15,7,60,4,1223.22,2090.82,0
12.737,56,20,1785.49,1041.14,0,0.0365335,0,1,1,32,0.15,7,60,4,1663.42,1237.34,0
12.74,60,19,1497.15,1007.14,0,0,0,0,0,0,0,7,60,0,1602.31,1786.36,0
12.7437,65,20,1719.13,979.98,0,0,0,0,0,0,0,7,60,0,1431.33,994.63,0
12.7481,71,18,1431.33,994.63,0,0.0360226,0,1,0,0,0,7,60,4,1438.23,995.98,0
12.7533,78,18,1445.12,997.33,0,0.0357839,0,1,0,64,0.05,7,60,4,1299.94,1284.72,0
12.7541,79,19,1587,1105.62,0,0.0357498,0,1,1,96,0.2,7,60,4,1833.08,1765.78,0
12.7644,93,19,1490.23,1006.13,0,0,0,0,0,0,0,7,60,0,1993.37,1884.9,21.18
12.7659,95,26,1266.23,1300.68,0,0,0,0,0,0,0,7,60,0,1418.07,805.78,0
12.7667,96,19,1583.37,1099.64,0,0.0351671,0,1,1,32,0.15,7,60,4,1198.51,1398.34,0.04
12.7704,101,10,1418.07,805.78,0,0,0,0,0,0,0,7,60,0,1730.82,941.03,0
12.777,110,11,1500.1,775.116,13.9856,0.0604985,0,1,1,128,0.1,7,60,4,1705.6,1277.65,0
12.7807,115,21,2067.02,1044.35,0,0.0345125,0,1,0,0,0,7,60,4,1462.3,1001.73,0
12.7815,116,28,1705.6,1277.65,0,0,0,0,0,0,0,7,60,0,1885.05,2083.8,6.31
12.7896,127,46,2321.23,1878.77,0,0.0340976,0,1,0,0,0,7,60,4,1301.91,1280.86,0
12.7911,129,19,1459.93,998.13,0,0,0,0,0,0,0,7,60,0,2305.76,1155.44,0
12.7919,130,45,2094.19,1871.45,0,0.033994,0,1,0,0,0,7,60,4,1894.23,1888.89,0
12.8022,9,27,1502.11,1357.52,0,0,0,0,0,0,0,7,60,0,1742.39,958.375,0
12.8037,11,12,1917.62,829.482,16.22,2.61854,0,0,0,0,0,7,60,0,1275.88,1298.01,0
12.8133,24,28,1717.35,1273.48,0,0.0329848,0,1,0,0,0,7,60,4,2293.25,1877.18,0
12.8148,26,27,1501.03,1354.51,0,0,0,0,0,0,0,7,60,0,1989.18,2222.24,0
12.817,29,27,1650.21,1219.74,0,0.0328101,0,1,1,32,0.15,7,60,4,1558.61,1589.24,0
12.8348,53,20,1724.98,976.04,0,0.0319679,0,1,1,32,0.15,7,60,4,1223.22,2090.82,0
12.837,56,20,1785.49,1041.14,0,0.0318626,0,1,1,32,0.15,7,60,4,1663.42,1237.34,0
12.84,60,19,1497.15,1007.14,0,0,0,0,0,0,0,7,60,0,1602.31,1786.36,0
12.8437,65,20,1719.13,979.98,0,0,0,0,0,0,0,7,60,0,1431.33,994.63,0
12.8481,71,18,1431.33,994.63,0,0.0313332,0,1,0,0,0,7,60,4,1438.23,995.98,0
12.8533,78,18,1445.12,997.33,0,0.031086,0,1,0,64,0.05,7,60,4,1299.94,1284.72,0
12.8541,79,19,1587,1105.62,0,0.0310507,0,1,1,96,0.2,7,60,4,1833.08,1765.78,0
12.8644,93,19,1490.23,1006.13,0,0,0,0,0,0,0,7,60,0,1995.47,1884.63,21.18
12.8659,95,26,1266.23,1300.68,0,0,0,0,0,0,0,7,60,0,1418.07,805.78,0
12.8667,96,19,1583.37,1099.64,0,0.0304475,0,1,1,32,0.15,7,60,4,1198.51,1398.34,0
12.8704,101,10,1418.07,805.78,0,0,0,0,0,0,0,7,60,0,1730.82,941.03,0
12.877,110,11,1501.01,775.14,0,0.0299495,-117.9,1,1,4,0.1,7,60,4,1705.6,1277.65,0
12.8807,115,21,2067.02,1044.35,0,0.0297712,0,1,0,0,0,7,60,4,1462.3,1001.73,0
12.8815,116,28,1705.6,1277.65,0,0,0,0,0,0,0,7,60,0,1884.94,2083.18,6.31
12.8896,127,46,2321.23,1878.77,0,0.0293417,0,1,0,0,0,7,60,4,1301.91,1280.86,0
12.8911,129,19,1459.93,998.13,0,0,0,0,0,0,0,7,60,0,2305.76,1155.44,0
12.8919,130,45,2094.19,1871.45,0,0.0292346,0,1,0,0,0,7,60,4,1894.23,1888.89,0
12.9022,9,27,1502.11,1357.52,0,0,0,0,0,0,0,7,60,0,1742.39,958.375,0
12.9037,11,12,1916.21,830.292,16.22,2.61854,0,0,0,0,0,7,60,0,1275.88,1298.01,0
12.9133,24,28,1717.35,1273.48,0,0.0281927,0,1,0,0,0,7,60,4,2293.25,1877.18,0
12.9148,26,27,1501.03,1354.51,0,0,0,0,0,0,0,7,60,0,1989.18,2222.24,0
12.917,29,27,1650.21,1219.74,0,0.0280124,0,1,1,32,0.15,7,60,4,1558.61,1589.24,0
12.9348,53,20,1724.98,976.04,0,0.0271447,0,1,1,32,0.15,7,60,4,1223.22,2090.82,0
12.937,56,20,1785.49,1041.14,0,0.0270356,0,1,1,32,0.15,7,60,4,1663.42,1237.34,0
12.94,60,19,1497.15,1007.14,0,0,0,0,0,0,0,7,60,0,1602.31,1786.36,0
12.9437,65,20,1719.13,979.98,0,0,0,0,0,0,0,7,60,0,1431.33,994.63,0
12.9481,71,18,1431.33,994.63,0,0.026491,0,1,0,0,0,7,60,4,1438.23,995.98,0
12.9533,78,18,1445.12,997.33,0,0.0262358,0,1,0,64,0.05,7,60,4,1299.94,1284.72,0
12.9541,79,19,1587,1105.62,0,0.0261995,0,1,1,96,0.2,7,60,4,1833.08,1765.78,0
12.9644,93,19,1490.23,1006.13,0,0,0,0,0,0,0,7,60,0,1997.57,1884.36,21.18
12.9659,95,26,1266.23,1300.68,0,0,0,0,0,0,0,7,60,0,1418.07,805.78,0
12.9667,96,19,1583.37,1099.64,0,0.0255788,0,1,1,32,0.15,7,60,4,1198.51,1398.34,0
12.9704,101,10,1418.07,805.78,0,0,0,0,0,0,0,7,60,0,1730.82,941.03,0
12.977,110,11,1501.01,775.14,0,0.0250666,0,1,0,0,0,7,60,4,1705.6,1277.65,0
12.9807,115,21,2067.02,1044.35,0,0.0248834,0,1,0,0,0,7,60,4,1462.3,1001.73,0
12.9815,116,28,1705.6,1277.65,0,0,0,0,0,0,0,7,60,0,1884.84,2082.56,6.31
12.9896,127,46,2321.23,1878.77,0,0.0244427,0,1,0,0,0,7,60,4,1301.91,1280.86,0
12.9911,129,19,1459.93,998.13,0,0,0,0,0,0,0,7,60,0,2305.76,1155.44,0
12.9919,130,45,2094.19,1871.45,0,0.0243321,0,1,0,0,0,7,60,4,1894.23,1888.89,0
13.0022,9,27,1502.11,1357.52,0,0,0,0,0,0,0,7,60,0,1742.39,958.375,0
13.0037,11,12,1914.83,831.091,16.62,2.61833,4,0,1,4,0.1,7,60,0,1275.88,1298.01,0
13.0133,24,28,1717.35,1273.48,0,0.0232625,0,1,0,0,0,7,60,4,2293.25,1877.18,0
13.0148,26,27,1501.03,1354.51,0,0,0,0,0,0,0,7,60,0,1989.18,2222.24,0
13.017,29,27,1650.21,1219.74,0,0.0230776,0,1,0,0,0,7,60,4,1558.61,1589.24,0
13.0348,53,20,1724.98,976.04,0,0.022188,0,1,1,32,0.15,7,60,4,1223.22,2090.82,0
13.037,56,20,1785.49,1041.14,0,0.0220762,0,1,1,32,0.15,7,60,4,1663.42,1237.34,0
13.04,60,19,1497.15,1007.14,0,0,0,0,0,0,0,7,60,0,1602.31,1786.36,0
13.0437,65,20,1719.13,979.98,0,0,0,0,0,0,0,7,60,0,1431.33,994.63,0
13.0481,71,18,1431.33,994.63,0,0.0215184,0,1,0,0,0,7,60,4,1438.23,995.98,0
13.0533,78,18,1445.12,997.33,0,0.0212571,0,1,0,64,0.05,7,60,4,1299.94,1284.72,0
13.0541,79,19,1587,1105.62,0,0.0212199,0,1,1,96,0.2,7,60,4,1833.08,1765.78,0
13.0644,93,19,1490.23,1006.13,0,0,0,0,0,0,0,7,60,0,1999.66,1884.19,21.49
13.0659,95,26,1266.23,1300.68,0,0,0,0,0,0,0,7,60,0,1418.07,805.78,0
13.0667,96,19,1583.37,1099.64,0,0.0205855,0,1,0,0,0,7,60,4,1198.51,1398.34,0
13.0704,101,10,1418.07,805.78,0,0,0,0,0,0,0,7,60,0,1730.82,941.03,0
13.077,110,11,1501.23,774.173,15.181,-1.32743,128.7,1,1,134,0.3,7,60,4,1705.6,1277.65,0
13.0807,115,21,2067.02,1044.35,0,0.0198737,0,1,0,0,0,7,60,4,1462.3,1001.73,0
13.0815,116,28,1705.6,1277.65,0,0,0,0,0,0,0,7,60,0,1884.78,2082.2,3.09
13.0896,127,46,2321.23,1878.77,0,0.0194234,0,1,0,0,0,7,60,4,1301.91,1280.86,0
13.0911,129,19,1459.93,998.13,0,0,0,0,0,0,0,7,60,0,2305.76,1155.44,0
13.0919,130,45,2094.19,1871.45,0,0.0193103,0,1,0,0,0,7,60,4,1894.23,1888.89,0
13.1022,9,27,1502.11,1357.52,0,0,0,0,0,0,0,7,60,0,1742.39,958.375,0
13.1037,11,12,1913.39,831.921,16.62,2.61833,0,0,0,0,0,7,60,0,1275.88,1298.01,0
13.1133,24,28,1717.35,1273.48,0,0.0182184,0,1,0,0,0,7,60,4,2293.25,1877.18,0
13.1148,26,27,1501.03,1354.51,0,0,0,0,0,0,0,7,60,0,1989.18,2222.24,0
13.117,29,27,1650.21,1219.74,0,0.0180297,0,1,1,32,0.15,7,60,4,1558.61,1589.24,0
13.1348,53,20,1724.98,976.04,0,0.0171226,0,1,0,0,0,7,60,4,1223.22,2090.82,0
13.137,56,20,1785.49,1041.14,0,0.0170093,0,1,1,32,0.15,7,60,4,1663.42,1237.34,0
13.14,60,19,1497.15,1007.14,0,0,0,0,0,0,0,7,60,0,1602.31,1786.36,0
13.1437,65,20,1719.13,979.98,0,0,0,0,0,0,0,7,60,0,1431.33,994.63,0
13.1481,71,18,1431.33,994.63,0,0.0164404,0,1,0,0,0,7,60,4,1438.23,995.98,0
13.1533,78,18,1445.12,997.33,0,0.0161749,0,1,0,64,0.05,7,60,4,1299.94,1284.72,0
13.1541,79,19,1587,1105.62,0,0.0161364,0,1,1,96,0.2,7,60,4,1833.08,1765.78,0
13.1644,93,19,1490.23,1006.13,0,0,0,0,0,0,0,7,60,0,2001.8,1884.07,21.49
13.1659,95,26,1266.23,1300.68,0,0,0,0,0,0,0,7,60,0,1418.07,805.78,0
13.1667,96,19,1583.37,1099.64,0,0.0154906,0,1,1,32,0.15,7,60,4,1198.51,1398.34,0
13.1704,101,10,1418.07,805.78,0,0,0,0,0,0,0,7,60,0,1730.82,941.03,0
13.177,110,11,1501.51,772.918,15.154,-1.33253,0,1,1,128,0.1,7,60,4,1705.6,1277.65,0
13.1807,115,21,2067.02,1044.35,0,0.0147667,0,1,0,0,0,7,60,4,1462.3,1001.73,0
13.1815,116,28,1705.6,1277.65,0,0,0,0,0,0,0,7,60,0,1884.73,2081.89,3.09
13.1896,127,46,2321.23,1878.77,0,0.0143089,0,1,0,0,0,7,60,4,1301.91,1280.86,0
13.1911,129,19,1459.93,998.13,0,0,0,0,0,0,0,7,60,0,2305.76,1155.44,0
13.1919,130,45,2094.19,1871.45,0,0.0141947,0,1,0,0,0,7,60,4,1894.23,1888.89,0
13.2022,9,27,1502.11,1357.52,0,0,0,0,0,0,0,7,60,0,1742.39,958.375,0
13.2037,11,12,1911.95,832.752,16.62,2.61833,0,0,0,0,0,7,60,0,1275.88,1298.01,0
13.2133,24,28,1717.35,1273.48,0,0.0130857,0,1,0,0,0,7,60,4,2293.25,1877.18,0
13.2148,26,27,1501.03,1354.51,0,0,0,0,0,0,0,7,60,0,1989.18,2222.24,0
13.217,29,27,1650.21,1219.74,0,0.0128942,0,1,1,32,0.15,7,60,4,1558.61,1589.24,0
13.2348,53,20,1724.98,976.04,0,0.0119734,0,1,1,32,0.15,7,60,4,1223.22,2090.82,0
13.237,56,20,1785.49,1041.14,0,0.0118585,0,1,1,32,0.15,7,60,4,1663.42,1237.34,0
13.24,60,19,1497.15,1007.14,0,0,0,0,0,0,0,7,60,0,1602.31,1786.36,0
13.2437,65,20,1719.13,979.98,0,0,0,0,0,0,0,7,60,0,1431.33,994.63,0
13.2481,71,18,1431.33,994.63,0,0.0112818,0,1,0,0,0,7,60,4,1438.23,995.98,0
13.2533,78,18,1445.12,997.33,0,0.0110129,0,1,0,64,0.05,7,60,4,1299.94,1284.72,0
13.2541,79,19,1587,1105.62,0,0.0109746,0,1,1,96,0.2,7,60,4,1833.08,1765.78,0
13.2644,93,19,1490.23,1006.13,0,0,0,0,0,0,0,7,60,0,2003.95,1883.95,21.49
13.2659,95,26,1266.23,1300.68,0,0,0,0,0,0,0,7,60,0,1418.07,805.78,0
13.2667,96,19,1583.37,1099.64,0,0.0103199,0,1,1,32,0.15,7,60,4,1198.51,1398.34,0
13.2704,101,10,1418.07,805.78,0,0,0,0,0,0,0,7,60,0,1730.82,941.03,0
13.277,110,11,1501.8,771.663,15.1278,-1.33771,0,1,1,128,0.1,7,60,4,1705.6,1277.65,0
13.2807,115,21,2067.02,1044.35,0,0.00958732,0,1,0,0,0,7,60,4,1462.3,1001.73,0
13.2815,116,28,1705.6,1277.65,0,0,0,0,0,0,0,7,60,0,1884.68,2081.59,3.09
13.2896,127,46,2321.23,1878.77,0,0.00912433,0,1,0,0,0,7,60,4,1301.91,1280.86,0
13.2911,129,19,1459.93,998.13,0,0,0,0,0,0,0,7,60,0,2305.76,1155.44,0
13.2919,130,45,2094.19,1871.45,0,0.00900884,0,1,0,0,0,7,60,4,1894.23,1888.89,0
13.3022,9,27,1502.11,1357.52,0,0,0,0,0,0,0,7,60,0,1742.39,958.375,0
13.3037,11,12,1910.51,833.582,16.62,2.61833,0,0,0,0,0,7,60,0,1275.88,1298.01,0
13.3133,24,28,1717.35,1273.48,0,0.00788823,0,1,0,0,0,7,60,4,2293.25,1877.18,0
13.3148,26,27,1501.03,1354.51,0,0,0,0,0,0,0,7,60,0,1989.18,2222.24,0
13.317,29,27,1650.21,1219.74,0,0.00769486,0,1,1,32,0.15,7,60,4,1558.61,1589.24,0
13.3348,53,20,1724.98,976.04,0,0.00676613,0,1,1,32,0.15,7,60,4,1223.22,2090.82,0
13.337,56,20,1785.49,1041.14,0,0.00664959,0,1,1,32,0.15,7,60,4,1663.42,1237.34,0
13.34,60,19,1497.15,1007.14,0,0,0,0,0,0,0,7,60,0,1602.31,1786.36,0
13.3437,65,20,1719.13,979.98,0,0,0,0,0,0,0,7,60,0,1431.33,994.63,0
13.3481,71,18,1431.33,994.63,0,0.0060687,0,1,0,0,0,7,60,4,1438.23,995.98,0
13.3533,78,18,1445.12,997.33,0,0.00579692,0,1,0,64,0.05,7,60,4,1299.94,1284.72,0
13.3541,79,19,1587,1105.62,0,0.00575827,0,1,1,96,0.2,7,60,4,1833.08,1765.78,0
13.3644,93,19,1490.23,1006.13,0,0,0,0,0,0,0,7,60,0,2006.09,1883.84,21.49
13.3659,95,26,1266.23,1300.68,0,0,0,0,0,0,0,7,60,0,1418.07,805.78,0
13.3667,96,19,1583.37,1099.64,0,0.0050987,0,1,1,32,0.15,7,60,4,1198.51,1398.34,0
13.3704,101,10,1418.07,805.78,0,0,0,0,0,0,0,7,60,0,1730.82,941.03,0
13.377,110,11,1502.08,770.408,15.1025,-1.34294,0,1,1,128,0.1,7,60,4,1705.6,1277.65,0
13.3807,115,21,2067.02,1044.35,0,0.00436169,0,1,0,0,0,7,60,4,1462.3,1001.73,0
13.3815,116,28,1705.6,1277.65,0,0,0,0,0,0,0,7,60,0,1884.63,2081.28,3.09
13.3896,127,46,2321.23,1878.77,0,0.00389574,0,1,0,0,0,7,60,4,1301.91,1280.86,0
13.3911,129,19,1459.93,998.13,0,0,0,0,0,0,0,7,60,0,2305.76,1155.44,0
13.3919,130,45,2094.19,1871.45,0,0.00377886,0,1,0,0,0,7,60,4,1894.23,1888.89,0
13.4022,9,27,1502.11,1357.52,0,0,0,0,0,0,0,7,60,0,1742.39,958.375,0
13.4037,11,12,1909.07,834.413,16.62,2.61833,0,0,0,0,0,7,60,0,1275.88,1298.01,0
13.4133,24,28,1717.35,1273.48,0,0.00265214,0,1,0,0,0,7,60,4,2293.25,1877.18,0
13.4148,26,27,1501.03,1354.51,0,0,0,0,0,0,0,7,60,0,1989.18,2222.24,0
13.417,29,27,1650.21,1219.74,0,0.00245783,0,1,1,32,0.15,7,60,4,1558.61,1589.24,0
13.4348,53,20,1724.98,976.04,0,0.00152508,0,1,1,32,0.15,7,60,4,1223.22,2090.82,0
13.437,56,20,1785.49,1041.14,0,0.00140809,0,1,1,32,0.15,7,60,4,1663.42,1237.34,0
13.44,60,19,1497.15,1007.14,0,0,0,0,0,0,0,7,60,0,1602.31,1786.36,0
13.4437,65,20,1719.13,979.98,0,0,0,0,0,0,0,7,60,0,1431.33,994.63,0
13.4481,71,18,1431.33,994.63,0,0.000825166,0,1,0,0,0,7,60,4,1438.23,995.98,0
13.4533,78,18,1445.12,997.33,0,0.000552541,0,1,0,64,0.05,7,60,4,1299.94,1284.72,0
13.4541,79,19,1587,1105.62,0,0.00051378,0,1,1,96,0.2,7,60,4,1833.08,1765.78,0
13.4644,93,19,1490.23,1006.13,0,0,0,0,0,0,0,7,60,0,2008.24,1883.72,21.49
13.4659,95,26,1266.23,1300.68,0,0,0,0,0,0,0,7,60,0,1418.07,805.78,0
13.4667,96,19,1583.37,1099.64,0,-0.000146843,0,1,1,32,0.15,7,60,4,1198.51,1398.34,0
13.4704,101,10,1418.07,805.78,0,0,0,0,0,0,0,7,60,0,1730.82,941.03,0
13.477,110,11,1502.37,769.153,15.0781,-1.34818,0,1,1,128,0.1,7,60,4,1705.6,1277.65,0
13.4807,115,21,2067.02,1044.35,0,-0.000885988,0,1,0,0,0,7,60,4,1462.3,1001.73,0
13.4815,116,28,1705.6,1277.65,0,0,0,0,0,0,0,7,60,0,1884.58,2080.98,3.09
13.4896,127,46,2321.23,1878.77,0,-0.0013524,0,1,0,0,0,7,60,4,1301.91,1280.86,0
13.4911,129,19,1459.93,998.13,0,0,0,0,0,0,0,7,60,0,2305.76,1155.44,0
13.4919,130,45,2094.19,1871.45,0,-0.00146941,0,1,0,0,0,7,60,4,1894.23,1888.89,0
13.5022,9,27,1502.11,1357.52,0,0,0,0,0,0,0,7,60,0,1742.39,958.375,0
13.5037,11,12,1907.63,835.243,16.62,2.61833,0,0,0,0,0,7,60,0,1275.88,1298.01,0
13.5133,24,28,1717.35,1273.48,0,-0.00259694,0,1,0,0,0,7,60,4,2293.25,1877.18,0
13.5148,26,27,1501.03,1354.51,0,0,0,0,0,0,0,7,60,0,1989.18,2222.24,0
13.517,29,27,1650.21,1219.74,0,-0.00279125,0,1,1,32,0.15,7,60,4,1558.61,1589.24,0
13.5348,53,20,1724.98,976.04,0,-0.00372344,0,1,1,32,0.15,7,60,4,1223.22,2090.82,0
13.537,56,20,1785.49,1041.14,0,-0.00383962,0,1,1,32,0.15,7,60,4,1663.42,1237.34,0
13.54,60,19,1497.15,1007.14,0,0,0,0,0,0,0,7,60,0,1602.31,1786.36,0
13.5437,65,20,1719.13,979.98,0,0,0,0,0,0,0,7,60,0,1431.33,994.63,0
13.5481,71,18,1431.33,994.63,0,-0.00442241,0,1,0,0,0,7,60,4,1438.23,995.98,0
13.5533,78,18,1445.12,997.33,0,-0.00469386,0,1,0,64,0.05,7,60,4,1299.94,1284.72,0
13.5541,79,19,1587,1105.62,0,-0.00473322,0,1,1,96,0.2,7,60,4,1833.08,1765.78,0
13.5644,93,19,1490.23,1006.13,0,0,0,0,0,0,0,7,60,0,2010.38,1883.6,21.49
13.5659,95,26,1266.23,1300.68,0,0,0,0,0,0,0,7,60,0,1418.07,805.78,0
13.5667,96,19,1583.37,1099.64,0,-0.00539234,0,1,1,32,0.15,7,60,4,1198.51,1398.34,0
13.5704,101,10,1418.07,805.78,0,0,0,0,0,0,0,7,60,0,1730.82,941.03,0
13.577,110,11,1502.65,767.898,15.0546,-1.35343,0,1,1,128,0.1,7,60,4,1705.6,1277.65,0
13.5807,115,21,2067.02,1044.35,0,-0.00612932,0,1,0,0,0,7,60,4,1462.3,1001.73,0
13.5815,116,28,1705.6,1277.65,0,0,0,0,0,0,0,7,60,0,1884.53,2080.67,3.09
13.5896,127,46,2321.23,1878.77,0,-0.00659413,0,1,0,0,0,7,60,4,1301.91,1280.86,0
13.5911,129,19,1459.93,998.13,0,0,0,0,0,0,0,7,60,0,2305.76,1155.44,0
13.5919,130,45,2094.19,1871.45,0,-0.00671069,0,1,0,0,0,7,60,4,1894.23,1888.89,0
13.6022,9,27,1502.11,1357.52,0,0,0,0,0,0,0,7,60,0,1742.39,958.375,0
13.6037,11,12,1906.19,836.074,16.62,2.61833,0,0,0,0,0,7,60,0,1275.88,1298.01,0
13.6133,24,28,1717.35,1273.48,0,-0.00783263,0,1,0,0,0,7,60,4,2293.25,1877.18,0
13.6148,26,27,1501.03,1354.51,0,0,0,0,0,0,0,7,60,0,1989.18,2222.24,0
13.617,29,27,1650.21,1219.74,0,-0.00802597,0,1,1,32,0.15,7,60,4,1558.61,1589.24,0
13.6348,53,20,1724.98,976.04,0,-0.00895372,0,1,1,32,0.15,7,60,4,1223.22,2090.82,0
13.637,56,20,1785.49,1041.14,0,-0.00906921,0,1,1,32,0.15,7,60,4,1663.42,1237.34,0
13.64,60,19,1497.15,1007.14,0,0,0,0,0,0,0,7,60,0,1602.31,1786.36,0
13.6437,65,20,1719.13,979.98,0,0,0,0,0,0,0,7,60,0,1431.33,994.63,0
13.6481,71,18,1431.33,994.63,0,-0.00964832,0,1,0,0,0,7,60,4,1438.23,995.98,0
13.6533,78,18,1445.12,997.33,0,-0.00991795,0,1,0,64,0.05,7,60,4,1299.94,1284.72,0
13.6541,79,19,1587,1105.62,0,-0.00995637,0,1,1,96,0.2,7,60,4,1833.08,1765.78,0
13.6644,93,19,1490.23,1006.13,0,0,0,0,0,0,0,7,60,0,2012.53,1883.48,21.49
13.6659,95,26,1266.23,1300.68,0,0,0,0,0,0,0,7,60,0,1418.07,805.78,0
13.6667,96,19,1583.37,1099.64,0,-0.0106114,0,1,1,32,0.15,7,60,4,1198.51,1398.34,0
13.6704,101,10,1418.07,805.78,0,0,0,0,0,0,0,7,60,0,1730.82,941.03,0
13.677,110,11,1502.94,766.643,15.0321,-1.35864,0,1,1,128,0.1,7,60,4,1705.6,1277.65,0
13.6807,115,21,2067.02,1044.35,0,-0.0113426,0,1,0,0,0,7,60,4,1462.3,1001.73,0
13.6815,116,28,1705.6,1277.65,0,0,0,0,0,0,0,7,60,0,1884.48,2080.37,3.09
13.6896,127,46,2321.23,1878.77,0,-0.0118036,0,1,0,0,0,7,60,4,1301.91,1280.86,0
13.6911,129,19,1459.93,998.13,0,0,0,0,0,0,0,7,60,0,2305.76,1155.44,0
13.6919,130,45,2094.19,1871.45,0,-0.0119184,0,1,0,0,0,7,60,4,1894.23,1888.89,0
13.7022,9,27,1502.11,1357.52,0,0,0,0,0,0,0,7,60,0,1742.39,958.375,0
13.7037,11,12,1904.75,836.904,16.62,2.61833,0,0,0,0,0,7,60,0,1275.88,1298.01,0
13.7133,24,28,1717.35,1273.48,0,-0.0130306,0,1,0,0,0,7,60,4,2293.25,1877.18,0
13.7148,26,27,1501.03,1354.51,0,0,0,0,0,0,0,7,60,0,1989.18,2222.24,0
13.717,29,27,1650.21,1219.74,0,-0.0132221,0,1,1,32,0.15,7,60,4,1558.61,1589.24,0
13.7348,53,20,1724.98,976.04,0,-0.0141401,0,1,1,32,0.15,7,60,4,1223.22,2090.82,0
13.737,56,20,1785.49,1041.14,0,-0.0142544,0,1,1,32,0.15,7,60,4,1663.42,1237.34,0
13.74,60,19,1497.15,1007.14,0,0,0,0,0,0,0,7,60,0,1602.31,1786.36,0
13.7437,65,20,1719.13,979.98,0,0,0,0,0,0,0,7,60,0,1431.33,994.63,0
13.7481,71,18,1431.33,994.63,0,-0.014827,0,1,0,0,0,7,60,4,1438.23,995.98,0
13.7533,78,18,1445.12,997.33,0,-0.0150935,0,1,0,64,0.05,7,60,4,1299.94,1284.72,0
13.7541,79,19,1587,1105.62,0,-0.0151314,0,1,1,96,0.2,7,60,4,1833.08,1765.78,0
13.7644,93,19,1490.23,1006.13,0,0,0,0,0,0,0,7,60,0,2014.67,1883.36,21.49
13.7659,95,26,1266.23,1300.68,0,0,0,0,0,0,0,7,60,0,1418.07,805.78,0
13.7667,96,19,1583.37,1099.64,0,-0.0157785,0,1,1,32,0.15,7,60,4,1198.51,1398.34,0
13.7704,101,10,1418.07,805.78,0,0,0,0,0,0,0,7,60,0,1730.82,941.03,0
13.777,110,11,1503.22,765.388,15.0104,-1.3638,0,1,1,128,0.1,7,60,4,1705.6,1277.65,0
13.7807,115,21,2067.02,1044.35,0,-0.0164997,0,1,0,0,0,7,60,4,1462.3,1001.73,0
13.7815,116,28,1705.6,1277.65,0,0,0,0,0,0,0,7,60,0,1884.43,2080.06,3.09
13.7896,127,46,2321.23,1878.77,0,-0.0169552,0,1,0,0,0,7,60,4,1301.91,1280.86,0
13.7911,129,19,1459.93,998.13,0,0,0,0,0,0,0,7,60,0,2305.76,1155.44,0
13.7919,130,45,2094.19,1871.45,0,-0.0170685,0,1,0,0,0,7,60,4,1894.23,1888.89,0
13.8022,9,27,1502.11,1357.52,0,0,0,0,0,0,0,7,60,0,1742.39,958.375,0
13.8037,11,12,1903.31,837.735,16.62,2.61833,0,0,0,0,0,7,60,0,1275.88,1298.01,0
13.8133,24,28,1717.35,1273.48,0,-0.0181648,0,1,0,0,0,7,60,4,2293.25,1877.18,0
13.8148,26,27,1501.03,1354.51,0,0,0,0,0,0,0,7,60,0,1989.18,2222.24,0
13.817,29,27,1650.21,1219.74,0,-0.0183534,0,1,1,32,0.15,7,60,4,1558.61,1589.24,0
13.8348,53,20,1724.98,976.04,0,-0.0192566,0,1,1,32,0.15,7,60,4,1223.22,2090.82,0
13.837,56,20,1785.49,1041.14,0,-0.0193697,0,1,1,32,0.15,7,60,4,1663.42,1237.34,0
13.84,60,19,1497.15,1007.14,0,0,0,0,0,0,0,7,60,0,1602.31,1786.36,0
13.8437,65,20,1719.13,979.98,0,0,0,0,0,0,0,7,60,0,1431.33,994.63,0
13.8481,71,18,1431.33,994.63,0,-0.0199323,0,1,0,0,0,7,60,4,1438.23,995.98,0
13.8533,78,18,1445.12,997.33,0,-0.020195,0,1,0,64,0.05,7,60,4,1299.94,1284.72,0
13.8541,79,19,1587,1105.62,0,-0.0202324,0,1,1,96,0.2,7,60,4,1833.08,1765.78,0
13.8644,93,19,1490.23,1006.13,0,0,0,0,0,0,0,7,60,0,2016.82,1883.24,21.49
13.8659,95,26,1266.23,1300.68,0,0,0,0,0,0,0,7,60,0,1418.07,805.78,0
13.8667,96,19,1583.37,1099.64,0,-0.0208684,0,1,1,32,0.15,7,60,4,1198.51,1398.34,0
13.8704,101,10,1418.07,805.78,0,0,0,0,0,0,0,7,60,0,1730.82,941.03,0
13.877,110,11,1503.51,764.133,14.9898,-1.36888,0,1,1,128,0.1,7,60,4,1705.6,1277.65,0
13.8807,115,21,2067.02,1044.35,0,-0.0215767,0,1,0,0,0,7,60,4,1462.3,1001.73,0
13.8815,116,28,1705.6,1277.65,0,0,0,0,0,0,0,7,60,0,1884.38,2079.76,3.09
13.8896,127,46,2321.23,1878.77,0,-0.0220231,0,1,0,0,0,7,60,4,1301.91,1280.86,0
13.8911,129,19,1459.93,998.13,0,0,0,0,0,0,0,7,60,0,2305.76,1155.44,0
13.8919,130,45,2094.19,1871.45,0,-0.0221349,0,1,0,0,0,7,60,4,1894.23,1888.89,0
13.9022,9,27,1502.11,1357.52,0,0,0,0,0,0,0,7,60,0,1742.39,958.375,0
13.9037,11,12,1901.87,838.565,16.62,2.61833,0,0,0,0,0,7,60,0,1275.88,1298.01,0
13.9133,24,28,1717.35,1273.48,0,-0.02321,0,1,0,0,0,7,60,4,2293.25,1877.18,0
13.9148,26,27,1501.03,1354.51,0,0,0,0,0,0,0,7,60,0,1989.18,2222.24,0
13.917,29,27,1650.21,1219.74,0,-0.0233948,0,1,1,32,0.15,7,60,4,1558.61,1589.24,0
13.9348,53,20,1724.98,976.04,0,-0.0242795,0,1,1,32,0.15,7,60,4,1223.22,2090.82,0
13.937,56,20,1785.49,1041.14,0,-0.0243902,0,1,1,32,0.15,7,60,4,1663.42,1237.34,0
13.94,60,19,1497.15,1007.14,0,0,0,0,0,0,0,7,60,0,1602.31,1786.36,0
13.9437,65,20,1719.13,979.98,0,0,0,0,0,0,0,7,60,0,1431.33,994.63,0
13.9481,71,18,1431.33,994.63,0,-0.0249407,0,1,0,0,0,7,60,4,1438.23,995.98,0
13.9533,78,18,1445.12,997.33,0,-0.025197,0,1,0,64,0.05,7,60,4,1299.94,1284.72,0
13.9541,79,19,1587,1105.62,0,-0.0252342,0,1,1,96,0.2,7,60,4,1833.08,1765.78,0
13.9644,93,19,1490.23,1006.13,0,0,0,0,0,0,0,7,60,0,2018.97,1883.12,21.49
13.9659,95,26,1266.23,1300.68,0,0,0,0,0,0,0,7,60,0,1418.07,805.78,0
13.9667,96,19,1583.37,1099.64,0,-0.0258553,0,1,1,32,0.15,7,60,4,1198.51,1398.34,0
13.9704,101,10,1418.07,805.78,0,0,0,0,0,0,0,7,60,0,1730.82,941.03,0
13.977,110,11,1503.79,762.878,14.9701,-1.37386,0,1,1,128,0.1,7,60,4,1705.6,1277.65,0
13.9807,115,21,2067.02,1044.35,0,-0.0265479,0,1,0,0,0,7,60,4,1462.3,1001.73,0
13.9815,116,28,1705.6,1277.65,0,0,0,0,0,0,0,7,60,0,1884.33,2079.45,3.09
13.9896,127,46,2321.23,1878.77,0,-0.0269838,0,1,0,0,0,7,60,4,1301.91,1280.86,0
13.9911,129,19,1459.93,998.13,0,0,0,0,0,0,0,7,60,0,2305.76,1155.44,0
13.9919,130,45,2094.19,1871.45,0,-0.0270929,0,1,0,0,0,7,60,4,1894.23,1888.89,0
14.0022,9,27,1502.11,1357.52,0,0,0,0,0,0,0,7,60,0,1742.39,958.375,0
14.0037,11,12,1900.46,839.38,16.19,2.61815,-4.3,0,1,4,0.1,7,60,0,1275.88,1298.01,0
14.0133,24,28,1717.35,1273.48,0,-0.0281409,0,1,0,0,0,7,60,4,2293.25,1877.18,0
14.0148,26,27,1501.03,1354.51,0,0,0,0,0,0,0,7,60,0,1989.18,2222.24,0
14.017,29,27,1650.21,1219.74,0,-0.028321,0,1,1,32,0.15,7,60,4,1558.61,1589.24,0
14.0348,53,20,1724.98,976.04,0,-0.0291834,0,1,1,32,0.15,7,60,4,1223.22,2090.82,0
14.037,56,20,1785.49,1041.14,0,-0.0292905,0,1,1,32,0.15,7,60,4,1663.42,1237.34,0
14.04,60,19,1497.15,1007.14,0,0,0,0,0,0,0,7,60,0,1602.31,1786.36,0
14.0437,65,20,1719.13,979.98,0,0,0,0,0,0,0,7,60,0,1431.33,994.63,0
14.0481,71,18,1431.33,994.63,0,-0.029827,0,1,0,0,0,7,60,4,1438.23,995.98,0
14.0533,78,18,1445.12,997.33,0,-0.0300763,0,1,0,64,0.05,7,60,4,1299.94,1284.72,0
14.0541,79,19,1587,1105.62,0,-0.0301118,0,1,1,96,0.2,7,60,4,1833.08,1765.78,0
14.0644,93,19,1490.23,1006.13,0,0,0,0,0,0,0,7,60,0,2020.84,1883.05,18.18
14.0659,95,26,1266.23,1300.68,0,0,0,0,0,0,0,7,60,0,1418.07,805.78,0
14.0667,96,19,1583.37,1099.64,0,-0.0307163,0,1,0,0,0,7,60,4,1198.51,1398.34,0
14.0704,101,10,1418.07,805.78,0,0,0,0,0,0,0,7,60,0,1730.82,941.03,0
14.077,110,11,1504.09,761.595,15.3813,-1.3781,3.7,1,1,132,0.2,7,60,4,1705.6,1277.65,0
14.0807,115,21,2067.02,1044.35,0,-0.0313891,0,1,0,0,0,7,60,4,1462.3,1001.73,0
14.0815,116,28,1705.6,1277.65,0,0,0,0,0,0,0,7,60,0,1884.32,2079.4,0.02
14.0896,127,46,2321.23,1878.77,0,-0.0318123,0,1,0,0,0,7,60,4,1301.91,1280.86,0
14.0911,129,19,1459.93,998.13,0,0,0,0,0,0,0,7,60,0,2305.76,1155.44,0
14.0919,130,45,2094.19,1871.45,0,-0.0319176,0,1,0,0,0,7,60,4,1894.23,1888.89,0
14.1022,9,27,1502.11,1357.52,0,0,0,0,0,0,0,7,60,0,1742.39,958.375,0
14.1037,11,12,1899.06,840.189,16.19,2.61815,0,0,0,0,0,7,60,0,1275.88,1298.01,0
14.1133,24,28,1717.35,1273.48,0,-0.0329346,0,1,0,0,0,7,60,4,2293.25,1877.18,0
14.1148,26,27,1501.03,1354.51,0,0,0,0,0,0,0,7,60,0,1989.18,2222.24,0
14.117,29,27,1650.21,1219.74,0,-0.0331091,0,1,1,32,0.15,7,60,4,1558.61,1589.24,0
14.1348,53,20,1724.98,976.04,0,-0.0339444,0,1,0,0,0,7,60,4,1223.22,2090.82,0
14.137,56,20,1785.49,1041.14,0,-0.0340481,0,1,1,32,0.15,7,60,4,1663.42,1237.34,0
14.14,60,19,1497.15,1007.14,0,0,0,0,0,0,0,7,60,0,1602.31,1786.36,0
14.1437,65,20,1719.13,979.98,0,0,0,0,0,0,0,7,60,0,1431.33,994.63,0
14.1481,71,18,1431.33,994.63,0,-0.0345671,0,1,0,0,0,7,60,4,1438.23,995.98,0
14.1533,78,18,1445.12,997.33,0,-0.0348082,0,1,0,64,0.05,7,60,4,1299.94,1284.72,0
14.1541,79,19,1587,1105.62,0,-0.0348426,0,1,1,96,0.2,7,60,4,1833.08,1765.78,0
14.1644,93,19,1490.23,1006.13,0,0,0,0,0,0,0,7,60,0,2022.66,1883,18.18
14.1659,95,26,1266.23,1300.68,0,0,0,0,0,0,0,7,60,0,1418.07,805.78,0
14.1667,96,19,1583.37,1099.64,0,-0.0354268,0,1,1,32,0.15,7,60,4,1198.51,1398.34,0
14.1704,101,10,1418.07,805.78,0,0,0,0,0,0,0,7,60,0,1730.82,941.03,0
14.177,110,11,1504.38,760.305,15.3632,-1.38279,0,1,1,128,0.1,7,60,4,1705.6,1277.65,0
14.1807,115,21,2067.02,1044.35,0,-0.036076,0,1,0,0,0,7,60,4,1462.3,1001.73,0
14.1815,116,28,1705.6,1277.65,0,0,0,0,0,0,0,7,60,0,1884.32,2079.4,0.02
14.1896,127,46,2321.23,1878.77,0,-0.036485,0,1,0,0,0,7,60,4,1301.91,1280.86,0
14.1911,129,19,1459.93,998.13,0,0,0,0,0,0,0,7,60,0,2305.76,1155.44,0
14.1919,130,45,2094.19,1871.45,0,-0.0365866,0,1,0,0,0,7,60,4,1894.23,1888.89,0
14.2022,9,27,1502.11,1357.52,0,0,0,0,0,0,0,7,60,0,1742.39,958.375,0
14.2037,11,12,1897.65,840.999,16.19,2.61815,0,0,0,0,0,7,60,0,1275.88,1298.01,0
14.2133,24,28,1717.35,1273.48,0,-0.0375669,0,1,0,0,0,7,60,4,2293.25,1877.18,0
14.2148,26,27,1501.03,1354.51,0,0,0,0,0,0,0,7,60,0,1989.18,2222.24,0
14.217,29,27,1650.21,1219.74,0,-0.0377351,0,1,1,32,0.15,7,60,4,1558.61,1589.24,0
14.2348,53,20,1724.98,976.04,0,-0.0385385,0,1,1,32,0.15,7,60,4,1223.22,2090.82,0
14.237,56,20,1785.49,1041.14,0,-0.0386388,0,1,1,32,0.15,7,60,4,1663.42,1237.34,0
14.24,60,19,1497.15,1007.14,0,0,0,0,0,0,0,7,60,0,1602.31,1786.36,0
14.2437,65,20,1719.13,979.98,0,0,0,0,0,0,0,7,60,0,1431.33,994.63,0
14.2481,71,18,1431.33,994.63,0,-0.0391373,0,1,0,0,0,7,60,4,1438.23,995.98,0
14.2533,78,18,1445.12,997.33,0,-0.0393696,0,1,0,64,0.05,7,60,4,1299.94,1284.72,0
14.2541,79,19,1587,1105.62,0,-0.0394026,0,1,1,96,0.2,7,60,4,1833.08,1765.78,0
14.2644,93,19,1490.23,1006.13,0,0,0,0,0,0,0,7,60,0,2024.48,1882.96,18.18
14.2659,95,26,1266.23,1300.68,0,0,0,0,0,0,0,7,60,0,1418.07,805.78,0
14.2667,96,19,1583.37,1099.64,0,-0.0399638,0,1,1,32,0.15,7,60,4,1198.51,1398.34,0
14.2704,101,10,1418.07,805.78,0,0,0,0,0,0,0,7,60,0,1730.82,941.03,0
14.277,110,11,1504.67,759.014,15.3461,-1.38731,0,1,1,128,0.1,7,60,4,1705.6,1277.65,0
14.2807,115,21,2067.02,1044.35,0,-0.0405867,0,1,0,0,0,7,60,4,1462.3,1001.73,0
14.2815,116,28,1705.6,1277.65,0,0,0,0,0,0,0,7,60,0,1884.32,2079.39,0.02
14.2896,127,46,2321.23,1878.77,0,-0.0409784,0,1,0,0,0,7,60,4,1301.91,1280.86,0
14.2911,129,19,1459.93,998.13,0,0,0,0,0,0,0,7,60,0,2305.76,1155.44,0
14.2919,130,45,2094.19,1871.45,0,-0.0410763,0,1,0,0,0,7,60,4,1894.23,1888.89,0
14.3022,9,27,1502.11,1357.52,0,0,0,0,0,0,0,7,60,0,1742.39,958.375,0
14.3037,11,12,1896.25,841.808,16.19,2.61815,0,0,0,0,0,7,60,0,1275.88,1298.01,0
14.3133,24,28,1717.35,1273.48,0,-0.0420153,0,1,0,0,0,7,60,4,2293.25,1877.18,0
14.3148,26,27,1501.03,1354.51,0,0,0,0,0,0,0,7,60,0,1989.18,2222.24,0
14.317,29,27,1650.21,1219.74,0,-0.0421762,0,1,1,32,0.15,7,60,4,1558.61,1589.24,0
14.3348,53,20,1724.98,976.04,0,-0.0429444,0,1,1,32,0.15,7,60,4,1223.22,2090.82,0
14.337,56,20,1785.49,1041.14,0,-0.0430403,0,1,1,32,0.15,7,60,4,1663.42,1237.34,0
14.34,60,19,1497.15,1007.14,0,0,0,0,0,0,0,7,60,0,1602.31,1786.36,0
14.3437,65,20,1719.13,979.98,0,0,0,0,0,0,0,7,60,0,1431.33,994.63,0
14.3481,71,18,1431.33,994.63,0,-0.0435165,0,1,0,0,0,7,60,4,1438.23,995.98,0
14.3533,78,18,1445.12,997.33,0,-0.0437382,0,1,0,64,0.05,7,60,4,1299.94,1284.72,0
14.3541,79,19,1587,1105.62,0,-0.0437697,0,1,1,96,0.2,7,60,4,1833.08,1765.78,0
14.3644,93,19,1490.23,1006.13,0,0,0,0,0,0,0,7,60,0,2026.3,1882.91,18.18
14.3659,95,26,1266.23,1300.68,0,0,0,0,0,0,0,7,60,0,1418.07,805.78,0
14.3667,96,19,1583.37,1099.64,0,-0.0443045,0,1,1,32,0.15,7,60,4,1198.51,1398.34,0
14.3704,101,10,1418.07,805.78,0,0,0,0,0,0,0,7,60,0,1730.82,941.03,0
14.377,110,11,1504.97,757.723,15.3301,-1.39163,0,1,1,128,0.1,7,60,4,1705.6,1277.65,0
14.3807,115,21,2067.02,1044.35,0,-0.0448987,0,1,0,0,0,7,60,4,1462.3,1001.73,0
14.3815,116,28,1705.6,1277.65,0,0,0,0,0,0,0,7,60,0,1884.32,2079.39,0.02
14.3896,127,46,2321.23,1878.77,0,-0.0452716,0,1,0,0,0,7,60,4,1301.91,1280.86,0
14.3911,129,19,1459.93,998.13,0,0,0,0,0,0,0,7,60,0,2305.76,1155.44,0
14.3919,130,45,2094.19,1871.45,0,-0.0453649,0,1,0,0,0,7,60,4,1894.23,1888.89,0
14.4022,9,27,1502.11,1357.52,0,0,0,0,0,0,0,7,60,0,1742.39,958.375,0
14.4037,11,12,1894.85,842.617,16.19,2.61815,0,0,0,0,0,7,60,0,1275.88,1298.01,0
14.4133,24,28,1717.35,1273.48,0,-0.0462578,0,1,0,0,0,7,60,4,2293.25,1877.18,0
14.4148,26,27,1501.03,1354.51,0,0,0,0,0,0,0,7,60,0,1989.18,2222.24,0
14.417,29,27,1650.21,1219.74,0,-0.0464107,0,1,1,32,0.15,7,60,4,1558.61,1589.24,0
14.4348,53,20,1724.98,976.04,0,-0.04714,0,1,1,32,0.15,7,60,4,1223.22,2090.82,0
14.437,56,20,1785.49,1041.14,0,-0.0472305,0,1,1,32,0.15,7,60,4,1663.42,1237.34,0
14.44,60,19,1497.15,1007.14,0,0,0,0,0,0,0,7,60,0,1602.31,1786.36,0
14.4437,65,20,1719.13,979.98,0,0,0,0,0,0,0,7,60,0,1431.33,994.63,0
14.4481,71,18,1431.33,994.63,0,-0.0476824,0,1,0,0,0,7,60,4,1438.23,995.98,0
14.4533,78,18,1445.12,997.33,0,-0.047892,0,1,0,64,0.05,7,60,4,1299.94,1284.72,0
14.4541,79,19,1587,1105.62,0,-0.0479224,0,1,1,96,0.2,7,60,4,1833.08,1765.78,0
14.4644,93,19,1490.23,1006.13,0,0,0,0,0,0,0,7,60,0,2028.11,1882.86,18.18
14.4659,95,26,1266.23,1300.68,0,0,0,0,0,0,0,7,60,0,1418.07,805.78,0
14.4667,96,19,1583.37,1099.64,0,-0.0484287,0,1,1,32,0.15,7,60,4,1198.51,1398.34,0
14.4704,101,10,1418.07,805.78,0,0,0,0,0,0,0,7,60,0,1730.82,941.03,0
14.477,110,11,1505.26,756.432,15.3152,-1.39573,0,1,1,128,0.1,7,60,4,1705.6,1277.65,0
14.4807,115,21,2067.02,1044.35,0,-0.0489907,0,1,0,0,0,7,60,4,1462.3,1001.73,0
14.4815,116,28,1705.6,1277.65,0,0,0,0,0,0,0,7,60,0,1884.32,2079.39,0.02
14.4896,127,46,2321.23,1878.77,0,-0.049343,0,1,0,0,0,7,60,4,1301.91,1280.86,0
14.4911,129,19,1459.93,998.13,0,0,0,0,0,0,0,7,60,0,2305.76,1155.44,0
14.4919,130,45,2094.19,1871.45,0,-0.0494311,0,1,0,0,0,7,60,4,1894.23,1888.89,0
14.5022,9,27,1502.11,1357.52,0,0,0,0,0,0,0,7,60,0,1742.39,958.375,0
14.5037,11,12,1893.45,843.426,16.19,2.61815,0,0,0,0,0,7,60,0,1275.88,1298.01,0
14.5133,24,28,1717.35,1273.48,0,-0.0502733,0,1,0,0,0,7,60,4,2293.25,1877.18,0
14.5148,26,27,1501.03,1354.51,0,0,0,0,0,0,0,7,60,0,1989.18,2222.24,0
14.517,29,27,1650.21,1219.74,0,-0.0504174,0,1,1,32,0.15,7,60,4,1558.61,1589.24,0
14.5348,53,20,1724.98,976.04,0,-0.0511047,0,1,1,32,0.15,7,60,4,1223.22,2090.82,0
14.537,56,20,1785.49,1041.14,0,-0.0511898,0,1,1,32,0.15,7,60,4,1663.42,1237.34,0
14.54,60,19,1497.15,1007.14,0,0,0,0,0,0,0,7,60,0,1602.31,1786.36,0
14.5437,65,20,1719.13,979.98,0,0,0,0,0,0,0,7,60,0,1431.33,994.63,0
14.5481,71,18,1431.33,994.63,0,-0.0516148,0,1,0,0,0,7,60,4,1438.23,995.98,0
14.5533,78,18,1445.12,997.33,0,-0.0518118,0,1,0,64,0.05,7,60,4,1299.94,1284.72,0
14.5541,79,19,1587,1105.62,0,-0.0518398,0,1,1,96,0.2,7,60,4,1833.08,1765.78,0
14.5644,93,19,1490.23,1006.13,0,0,0,0,0,0,0,7,60,0,2029.93,1882.81,18.18
14.5659,95,26,1266.23,1300.68,0,0,0,0,0,0,0,7,60,0,1418.07,805.78,0
14.5667,96,19,1583.37,1099.64,0,-0.0523157,0,1,1,32,0.15,7,60,4,1198.51,1398.34,0
14.5704,101,10,1418.07,805.78,0,0,0,0,0,0,0,7,60,0,1730.82,941.03,0
14.577,110,11,1505.56,755.141,15.3015,-1.39959,0,1,1,128,0.1,7,60,4,1705.6,1277.65,0
14.5807,115,21,2067.02,1044.35,0,-0.0528428,0,1,0,0,0,7,60,4,1462.3,1001.73,0
14.5815,116,28,1705.6,1277.65,0,0,0,0,0,0,0,7,60,0,1884.32,2079.39,0.02
14.5896,127,46,2321.23,1878.77,0,-0.0531728,0,1,0,0,0,7,60,4,1301.91,1280.86,0
14.5911,129,19,1459.93,998.13,0,0,0,0,0,0,0,7,60,0,2305.76,1155.44,0
14.5919,130,45,2094.19,1871.45,0,-0.0532548,0,1,0,0,0,7,60,4,1894.23,1888.89,0
14.6022,9,27,1502.11,1357.52,0,0,0,0,0,0,0,7,60,0,1742.39,958.375,0
14.6037,11,12,1892.04,844.236,16.19,2.61815,0,0,0,0,0,7,60,0,1275.88,1298.01,0
14.6133,24,28,1717.35,1273.48,0,-0.054043,0,1,0,0,0,7,60,4,2293.25,1877.18,0
14.6148,26,27,1501.03,1354.51,0,0,0,0,0,0,0,7,60,0,1989.18,2222.24,0
14.617,29,27,1650.21,1219.74,0,-0.0541776,0,1,1,32,0.15,7,60,4,1558.61,1589.24,0
14.6348,53,20,1724.98,976.04,0,-0.0548191,0,1,1,32,0.15,7,60,4,1223.22,2090.82,0
14.637,56,20,1785.49,1041.14,0,-0.0548984,0,1,1,32,0.15,7,60,4,1663.42,1237.34,0
14.64,60,19,1497.15,1007.14,0,0,0,0,0,0,0,7,60,0,1602.31,1786.36,0
14.6437,65,20,1719.13,979.98,0,0,0,0,0,0,0,7,60,0,1431.33,994.63,0
14.6481,71,18,1431.33,994.63,0,-0.055294,0,1,0,0,0,7,60,4,1438.23,995.98,0
14.6533,78,18,1445.12,997.33,0,-0.0554778,0,1,0,64,0.05,7,60,4,1299.94,1284.72,0
14.6541,79,19,1587,1105.62,0,-0.0555039,0,1,1,96,0.2,7,60,4,1833.08,1765.78,0
14.6644,93,19,1490.23,1006.13,0,0,0,0,0,0,0,7,60,0,2031.75,1882.77,18.18
14.6659,95,26,1266.23,1300.68,0,0,0,0,0,0,0,7,60,0,1418.07,805.78,0
14.6667,96,19,1583.37,1099.64,0,-0.0559465,0,1,1,32,0.15,7,60,4,1198.51,1398.34,0
14.6704,101,10,1418.07,805.78,0,0,0,0,0,0,0,7,60,0,1730.82,941.03,0
14.677,110,11,1505.85,753.85,15.2888,-1.40319,0,1,1,128,0.1,7,60,4,1705.6,1277.65,0
14.6807,115,21,2067.02,1044.35,0,-0.0564356,0,1,0,0,0,7,60,4,1462.3,1001.73,0
14.6815,116,28,1705.6,1277.65,0,0,0,0,0,0,0,7,60,0,1884.32,2079.39,0.02
14.6896,127,46,2321.23,1878.77,0,-0.0567422,0,1,0,0,0,7,60,4,1301.91,1280.86,0
14.6911,129,19,1459.93,998.13,0,0,0,0,0,0,0,7,60,0,2305.76,1155.44,0
14.6919,130,45,2094.19,1871.45,0,-0.0568182,0,1,0,0,0,7,60,4,1894.23,1888.89,0
14.7022,9,27,1502.11,1357.52,0,0,0,0,0,0,0,7,60,0,1742.39,958.375,0
14.7037,11,12,1890.64,845.045,16.19,2.61815,0,0,0,0,0,7,60,0,1275.88,1298.01,0
14.7133,24,28,1717.35,1273.48,0,-0.057548,0,1,0,0,0,7,60,4,2293.25,1877.18,0
14.7148,26,27,1501.03,1354.51,0,0,0,0,0,0,0,7,60,0,1989.18,2222.24,0
14.717,29,27,1650.21,1219.74,0,-0.0576725,0,1,1,32,0.15,7,60,4,1558.61,1589.24,0
14.7348,53,20,1724.98,976.04,0,-0.0582645,0,1,1,32,0.15,7,60,4,1223.22,2090.82,0
14.737,56,20,1785.49,1041.14,0,-0.0583381,0,1,1,32,0.15,7,60,4,1663.42,1237.34,0
14.74,60,19,1497.15,1007.14,0,0,0,0,0,0,0,7,60,0,1602.31,1786.36,0
14.7437,65,20,1719.13,979.98,0,0,0,0,0,0,0,7,60,0,1431.33,994.63,0
14.7481,71,18,1431.33,994.63,0,-0.0587027,0,1,0,0,0,7,60,4,1438.23,995.98,0
14.7533,78,18,1445.12,997.33,0,-0.058872,0,1,0,64,0.05,7,60,4,1299.94,1284.72,0
14.7541,79,19,1587,1105.62,0,-0.0588961,0,1,1,96,0.2,7,60,4,1833.08,1765.78,0
14.7644,93,19,1490.23,1006.13,0,0,0,0,0,0,0,7,60,0,2033.56,1882.72,18.18
14.7659,95,26,1266.23,1300.68,0,0,0,0,0,0,0,7,60,0,1418.07,805.78,0
14.7667,96,19,1583.37,1099.64,0,-0.0593032,0,1,1,32,0.15,7,60,4,1198.51,1398.34,0
14.7704,101,10,1418.07,805.78,0,0,0,0,0,0,0,7,60,0,1730.82,941.03,0
14.777,110,11,1506.14,752.559,15.2773,-1.40652,0,1,1,128,0.1,7,60,4,1705.6,1277.65,0
14.7807,115,21,2067.02,1044.35,0,-0.0597524,0,1,0,0,0,7,60,4,1462.3,1001.73,0
14.7815,116,28,1705.6,1277.65,0,0,0,0,0,0,0,7,60,0,1884.32,2079.38,0.02
14.7896,127,46,2321.23,1878.77,0,-0.0600332,0,1,0,0,0,7,60,4,1301.91,1280.86,0
14.7911,129,19,1459.93,998.13,0,0,0,0,0,0,0,7,60,0,2305.76,1155.44,0
14.7919,130,45,2094.19,1871.45,0,-0.0601033,0,1,0,0,0,7,60,4,1894.23,1888.89,0
14.8022,9,27,1502.11,1357.52,0,0,0,0,0,0,0,7,60,0,1742.39,958.375,0
14.8037,11,12,1889.24,845.854,16.19,2.61815,0,0,0,0,0,7,60,0,1275.88,1298.01,0
14.8133,24,28,1717.35,1273.48,0,-0.0607711,0,1,0,0,0,7,60,4,2293.25,1877.18,0
14.8148,26,27,1501.03,1354.51,0,0,0,0,0,0,0,7,60,0,1989.18,2222.24,0
14.817,29,27,1650.21,1219.74,0,-0.0608849,0,1,1,32,0.15,7,60,4,1558.61,1589.24,0
14.8348,53,20,1724.98,976.04,0,-0.061425,0,1,1,32,0.15,7,60,4,1223.22,2090.82,0
14.837,56,20,1785.49,1041.14,0,-0.0614917,0,1,1,32,0.15,7,60,4,1663.42,1237.34,0
14.84,60,19,1497.15,1007.14,0,0,0,0,0,0,0,7,60,0,1602.31,1786.36,0
14.8437,65,20,1719.13,979.98,0,0,0,0,0,0,0,7,60,0,1431.33,994.63,0
14.8481,71,18,1431.33,994.63,0,-0.061824,0,1,0,0,0,7,60,4,1438.23,995.98,0
14.8533,78,18,1445.12,997.33,0,-0.0619775,0,1,0,64,0.05,7,60,4,1299.94,1284.72,0
14.8541,79,19,1587,1105.62,0,-0.0619997,0,1,1,96,0.2,7,60,4,1833.08,1765.78,0
14.8644,93,19,1490.23,1006.13,0,0,0,0,0,0,0,7,60,0,2035.38,1882.67,18.18
14.8659,95,26,1266.23,1300.68,0,0,0,0,0,0,0,7,60,0,1418.07,805.78,0
14.8667,96,19,1583.37,1099.64,0,-0.0623691,0,1,1,32,0.15,7,60,4,1198.51,1398.34,0
14.8704,101,10,1418.07,805.78,0,0,0,0,0,0,0,7,60,0,1730.82,941.03,0
14.877,110,11,1506.44,751.268,15.2669,-1.40955,0,1,1,128,0.1,7,60,4,1705.6,1277.65,0
14.8807,115,21,2067.02,1044.35,0,-0.0627766,0,1,0,0,0,7,60,4,1462.3,1001.73,0
14.8815,116,28,1705.6,1277.65,0,0,0,0,0,0,0,7,60,0,1884.32,2079.38,0.02
14.8896,127,46,2321.23,1878.77,0,-0.0630306,0,1,0,0,0,7,60,4,1301.91,1280.86,0
14.8911,129,19,1459.93,998.13,0,0,0,0,0,0,0,7,60,0,2305.76,1155.44,0
14.8919,130,45,2094.19,1871.45,0,-0.063094,0,1,0,0,0,7,60,4,1894.23,1888.89,0
14.9022,9,27,1502.11,1357.52,0,0,0,0,0,0,0,7,60,0,1742.39,958.375,0
14.9037,11,12,1887.84,846.664,16.19,2.61815,0,0,0,0,0,7,60,0,1275.88,1298.01,0
14.9133,24,28,1717.35,1273.48,0,-0.0636962,0,1,0,0,0,7,60,4,2293.25,1877.18,0
14.9148,26,27,1501.03,1354.51,0,0,0,0,0,0,0,7,60,0,1989.18,2222.24,0
14.917,29,27,1650.21,1219.74,0,-0.0637987,0,1,1,32,0.15,7,60,4,1558.61,1589.24,0
14.9348,53,20,1724.98,976.04,0,-0.0642846,0,1,1,32,0.15,7,60,4,1223.22,2090.82,0
14.937,56,20,1785.49,1041.14,0,-0.0643445,0,1,1,32,0.15,7,60,4,1663.42,1237.34,0
14.94,60,19,1497.15,1007.14,0,0,0,0,0,0,0,7,60,0,1602.31,1786.36,0
14.9437,65,20,1719.13,979.98,0,0,0,0,0,0,0,7,60,0,1431.33,994.63,0
14.9481,71,18,1431.33,994.63,0,-0.0646424,0,1,0,0,0,7,60,4,1438.23,995.98,0
14.9533,78,18,1445.12,997.33,0,-0.0647799,0,1,0,64,0.05,7,60,4,1299.94,1284.72,0
14.9541,79,19,1587,1105.62,0,-0.0647994,0,1,1,96,0.2,7,60,4,1833.08,1765.78,0
14.9644,93,19,1490.23,1006.13,0,0,0,0,0,0,0,7,60,0,2037.2,1882.63,18.18
14.9659,95,26,1266.23,1300.68,0,0,0,0,0,0,0,7,60,0,1418.07,805.78,0
14.9667,96,19,1583.37,1099.64,0,-0.0651298,0,1,1,32,0.15,7,60,4,1198.51,1398.34,0
14.9704,101,10,1418.07,805.78,0,0,0,0,0,0,0,7,60,0,1730.82,941.03,0
14.977,110,11,1506.73,749.977,15.2577,-1.41228,0,1,1,128,0.1,7,60,4,1705.6,1277.65,0
14.9807,115,21,2067.02,1044.35,0,-0.0654932,0,1,0,0,0,7,60,4,1462.3,1001.73,0
14.9815,116,28,1705.6,1277.65,0,0,0,0,0,0,0,7,60,0,1884.32,2079.38,0.02
14.9896,127,46,2321.23,1878.77,0,-0.0657193,0,1,0,0,0,7,60,4,1301.91,1280.86,0
14.9911,129,19,1459.93,998.13,0,0,0,0,0,0,0,7,60,0,2305.76,1155.44,0
14.9919,130,45,2094.19,1871.45,0,-0.0657752,0,1,0,0,0,7,60,4,1894.23,1888.89,0
15.0022,9,27,1502.11,1357.52,1.02,2.7979,10.2,0,1,6,0.2,7,60,0,1742.39,958.375,0
15.0037,11,12,1886.46,847.46,16.24,2.61809,0.5,0,0,0,0,7,60,0,1275.88,1298.01,0
15.0133,24,28,1717.35,1273.48,0,-0.0663097,0,1,0,0,0,7,60,4,2293.25,1877.18,0
15.0148,26,27,1501.01,1354.52,1.36,2.79659,13.6,0,1,6,0.2,7,60,0,1989.15,2222.24,2.16
15.017,29,27,1650.23,1219.78,2.88035,1.03896,25,1,1,38,0.35,7,60,4,1558.6,1589.2,2.38
15.0348,53,20,1724.98,976.04,0,-0.0668293,0,1,1,32,0.15,7,60,4,1223.23,2090.9,2.31
15.037,56,20,1785.49,1041.14,0,-0.0668821,0,1,1,32,0.15,7,60,4,1663.39,1237.28,1.67
15.04,60,19,1497.15,1007.14,0,0,0,0,0,0,0,7,60,0,1602.32,1786.42,1.62
15.0437,65,20,1719.13,979.98,0,0,0,0,0,0,0,7,60,0,1431.33,994.63,0
15.0481,71,18,1431.33,994.63,0,-0.067144,0,1,0,0,0,7,60,4,1438.23,995.98,0
15.0533,78,18,1445.12,997.33,0,-0.0672648,0,1,0,64,0.05,7,60,4,1299.94,1284.72,0
15.0541,79,19,1587.07,1105.74,2.91435,0.990262,25.3,1,1,102,0.4,7,60,4,1833.06,1765.68,1.91
15.0644,93,19,1490.23,1006.13,0,0,0,0,0,0,0,7,60,0,2038.7,1882.59,14.18
15.0659,95,26,1266.23,1300.68,0,0,0,0,0,0,0,7,60,0,1418.07,805.78,0
15.0667,96,19,1583.37,1099.64,0,-0.0675716,0,1,0,0,0,7,60,4,1198.52,1398.3,0.67
15.0704,101,10,1418.07,805.78,0,0,0,0,0,0,0,7,60,0,1730.82,941.03,0
15.077,110,11,1507.03,748.678,15.3763,-1.41489,1.1,1,0,0,0,7,60,4,1705.51,1277.68,1.19
15.0807,115,21,2067.02,1044.43,1.12873,1.44176,9.8,1,1,6,0.2,7,60,4,1462.3,1001.73,0
15.0815,116,28,1705.51,1277.68,1.19,2.82487,11.9,0,1,6,0.2,7,60,0,1884.31,2079.3,1.03
15.0896,127,46,2321.23,1878.77,0,-0.068086,0,1,0,0,0,7,60,4,1301.91,1280.86,0
15.0911,129,19,1459.93,998.13,0,0,0,0,0,0,0,7,60,0,2305.55,1155.47,2.36
15.0919,130,45,2093.98,1871.45,2.59133,-3.20084,22.5,1,1,6,0.2,7,60,4,1894.23,1888.89,0
15.1022,9,27,1502.01,1357.56,1.02,2.7979,0,0,0,0,0,7,60,0,1742.39,958.375,0
15.1037,11,12,1885.05,848.272,16.24,2.61809,0,0,0,0,0,7,60,0,1275.88,1298.01,0
15.1133,24,28,1717.35,1273.48,0,-0.0685984,0,1,0,0,0,7,60,4,2293.25,1877.18,0
15.1148,26,27,1500.88,1354.56,1.36,2.79659,0,0,0,0,0,7,60,0,1988.93,2222.26,2.16
15.117,29,27,1650.34,1220,2.87892,1.03668,0,1,1,32,0.15,7,60,4,1558.57,1588.96,2.38
15.1348,53,20,1724.98,976.04,0,-0.0690464,0,1,0,0,0,7,60,4,1223.26,2091.13,2.31
15.137,56,20,1785.49,1041.14,0,-0.069092,0,1,1,32,0.15,7,60,4,1663.32,1237.14,1.67
15.14,60,19,1497.15,1007.14,0,0,0,0,0,0,0,7,60,0,1602.35,1786.58,1.62
15.1437,65,20,1719.13,979.98,0,0,0,0,0,0,0,7,60,0,1431.33,994.63,0
15.1481,71,18,1431.33,994.63,0,-0.0693168,0,1,0,0,0,7,60,4,1438.23,995.98,0
15.1533,78,18,1445.12,997.33,0,-0.0694204,0,1,0,64,0.05,7,60,4,1299.94,1284.72,0
15.1541,79,19,1587.19,1105.96,2.91298,0.988109,0,1,1,96,0.2,7,60,4,1833.03,1765.49,1.91
15.1644,93,19,1490.23,1006.13,0,0,0,0,0,0,0,7,60,0,2040.12,1882.55,14.18
15.1659,95,26,1266.23,1300.68,0,0,0,0,0,0,0,7,60,0,1418.07,805.78,0
15.1667,96,19,1583.37,1099.64,0,-0.0696823,0,1,1,32,0.15,7,60,4,1198.52,1398.23,0.67
15.1704,101,10,1418.07,805.78,0,0,0,0,0,0,0,7,60,0,1730.82,941.03,0
15.177,110,11,1507.32,747.376,15.3694,-1.41697,0,1,0,0,0,7,60,4,1705.4,1277.71,1.19
15.1807,115,21,2067.03,1044.53,1.12822,1.4397,0,1,0,0,0,7,60,4,1462.3,1001.73,0
15.1815,116,28,1705.4,1277.72,1.19,2.82487,0,0,0,0,0,7,60,0,1884.29,2079.2,1.03
15.1896,127,46,2321.23,1878.77,0,-0.070119,0,1,0,0,0,7,60,4,1301.91,1280.86,0
15.1911,129,19,1459.93,998.13,0,0,0,0,0,0,0,7,60,0,2305.31,1155.51,2.36
15.1919,130,45,2093.76,1871.45,2.59019,-3.20286,0,1,0,0,0,7,60,4,1894.23,1888.89,0
15.2022,9,27,1501.92,1357.59,1.02,2.7979,0,0,0,0,0,7,60,0,1742.39,958.375,0
15.2037,11,12,1883.64,849.084,16.24,2.61809,0,0,0,0,0,7,60,0,1275.88,1298.01,0
15.2133,24,28,1717.35,1273.48,0,-0.0705511,0,1,0,0,0,7,60,4,2293.25,1877.18,0
15.2148,26,27,1500.76,1354.61,1.36,2.79659,0,0,0,0,0,7,60,0,1988.72,2222.27,2.16
15.217,29,27,1650.45,1220.22,2.87771,1.03474,0,1,1,32,0.15,7,60,4,1558.54,1588.73,2.38
15.2348,53,20,1724.98,976.04,0,-0.0709256,0,1,1,32,0.15,7,60,4,1223.3,2091.36,2.31
15.237,56,20,1785.49,1041.14,0,-0.0709636,0,1,1,32,0.15,7,60,4,1663.24,1236.99,1.67
15.24,60,19,1497.15,1007.14,0,0,0,0,0,0,0,7,60,0,1602.38,1786.74,1.62
15.2437,65,20,1719.13,979.98,0,0,0,0,0,0,0,7,60,0,1431.33,994.63,0
15.2481,71,18,1431.33,994.63,0,-0.0711501,0,1,0,0,0,7,60,4,1438.23,995.98,0
15.2533,78,18,1445.12,997.33,0,-0.0712357,0,1,0,64,0.05,7,60,4,1299.94,1284.72,0
15.2541,79,19,1587.32,1106.18,2.91184,0.986296,0,1,1,96,0.2,7,60,4,1832.99,1765.3,1.91
15.2644,93,19,1490.23,1006.13,0,0,0,0,0,0,0,7,60,0,2041.54,1882.51,14.18
15.2659,95,26,1266.23,1300.68,0,0,0,0,0,0,0,7,60,0,1418.07,805.78,0
15.2667,96,19,1583.37,1099.64,0,-0.0714516,0,1,1,32,0.15,7,60,4,1198.53,1398.16,0.67
15.2704,101,10,1418.07,805.78,0,0,0,0,0,0,0,7,60,0,1730.82,941.03,0
15.277,110,11,1507.62,746.074,15.3636,-1.4187,0,1,0,0,0,7,60,4,1705.29,1277.75,1.19
15.2807,115,21,2067.04,1044.62,1.1278,1.43798,0,1,0,0,0,7,60,4,1462.3,1001.73,0
15.2815,116,28,1705.28,1277.75,1.19,2.82487,0,0,0,0,0,7,60,0,1884.27,2079.09,1.03
15.2896,127,46,2321.23,1878.77,0,-0.0718088,0,1,0,0,0,7,60,4,1301.91,1280.86,0
15.2911,129,19,1459.93,998.13,0,0,0,0,0,0,0,7,60,0,2305.08,1155.55,2.36
15.2919,130,45,2093.53,1871.44,2.58925,-3.20455,0,1,0,0,0,7,60,4,1894.23,1888.89,0
15.3022,9,27,1501.82,1357.62,1.02,2.7979,0,0,0,0,0,7,60,0,1742.39,958.375,0
15.3037,11,12,1882.24,849.896,16.24,2.61809,0,0,0,0,0,7,60,0,1275.88,1298.01,0
15.3133,24,28,1717.35,1273.48,0,-0.072158,0,1,0,0,0,7,60,4,2293.25,1877.18,0
15.3148,26,27,1500.63,1354.65,1.36,2.79659,0,0,0,0,0,7,60,0,1988.5,2222.28,2.16
15.317,29,27,1650.57,1220.45,2.87672,1.03315,0,1,1,32,0.15,7,60,4,1558.51,1588.49,2.38
15.3348,53,20,1724.98,976.04,0,-0.0724574,0,1,1,32,0.15,7,60,4,1223.33,2091.59,2.31
15.337,56,20,1785.49,1041.14,0,-0.0724874,0,1,1,32,0.15,7,60,4,1663.17,1236.84,1.67
15.34,60,19,1497.15,1007.14,0,0,0,0,0,0,0,7,60,0,1602.41,1786.9,1.62
15.3437,65,20,1719.13,979.98,0,0,0,0,0,0,0,7,60,0,1431.33,994.63,0
15.3481,71,18,1431.33,994.63,0,-0.072635,0,1,0,0,0,7,60,4,1438.23,995.98,0
15.3533,78,18,1445.12,997.33,0,-0.0727023,0,1,0,64,0.05,7,60,4,1299.94,1284.72,0
15.3541,79,19,1587.44,1106.4,2.91092,0.984832,0,1,1,96,0.2,7,60,4,1832.96,1765.11,1.91
15.3644,93,19,1490.23,1006.13,0,0,0,0,0,0,0,7,60,0,2042.96,1882.48,14.18
15.3659,95,26,1266.23,1300.68,0,0,0,0,0,0,0,7,60,0,1418.07,805.78,0
15.3667,96,19,1583.37,1099.64,0,-0.0728711,0,1,1,32,0.15,7,60,4,1198.54,1398.1,0.67
15.3704,101,10,1418.07,805.78,0,0,0,0,0,0,0,7,60,0,1730.82,941.03,0
15.377,110,11,1507.92,744.773,15.3591,-1.42009,0,1,0,0,0,7,60,4,1705.18,1277.79,1.19
15.3807,115,21,2067.04,1044.72,1.12747,1.43661,0,1,0,0,0,7,60,4,1462.3,1001.73,0
15.3815,116,28,1705.17,1277.79,1.19,2.82487,0,0,0,0,0,7,60,0,1884.26,2078.99,1.03
15.3896,127,46,2321.23,1878.77,0,-0.0731469,0,1,0,0,0,7,60,4,1301.91,1280.86,0
15.3911,129,19,1459.93,998.13,0,0,0,0,0,0,0,7,60,0,2304.85,1155.58,2.36
15.3919,130,45,2093.31,1871.44,2.58851,-3.20588,0,1,0,0,0,7,60,4,1894.23,1888.89,0
15.4022,9,27,1501.72,1357.66,1.02,2.7979,0,0,0,0,0,7,60,0,1742.39,958.375,0
15.4037,11,12,1880.83,850.708,16.24,2.61809,0,0,0,0,0,7,60,0,1275.88,1298.01,0
15.4133,24,28,1717.35,1273.48,0,-0.0734117,0,1,0,0,0,7,60,4,2293.25,1877.18,0
15.4148,26,27,1500.5,1354.7,1.36,2.79659,0,0,0,0,0,7,60,0,1988.29,2222.3,2.16
15.417,29,27,1650.68,1220.67,2.87595,1.03191,0,1,1,32,0.15,7,60,4,1558.48,1588.26,2.38
15.4348,53,20,1724.98,976.04,0,-0.0736343,0,1,1,32,0.15,7,60,4,1223.36,2091.81,2.31
15.437,56,20,1785.49,1041.14,0,-0.0736563,0,1,1,32,0.15,7,60,4,1663.09,1236.69,1.67
15.44,60,19,1497.15,1007.14,0,0,0,0,0,0,0,7,60,0,1602.44,1787.06,1.62
15.4437,65,20,1719.13,979.98,0,0,0,0,0,0,0,7,60,0,1431.33,994.63,0
15.4481,71,18,1431.33,994.63,0,-0.0737641,0,1,0,0,0,7,60,4,1438.23,995.98,0
15.4533,78,18,1445.12,997.33,0,-0.0738128,0,1,0,64,0.05,7,60,4,1299.94,1284.72,0
15.4541,79,19,1587.56,1106.62,2.91023,0.983724,0,1,1,96,0.2,7,60,4,1832.92,1764.93,1.91
15.4644,93,19,1490.23,1006.13,0,0,0,0,0,0,0,7,60,0,2044.38,1882.44,14.18
15.4659,95,26,1266.23,1300.68,0,0,0,0,0,0,0,7,60,0,1418.07,805.78,0
15.4667,96,19,1583.37,1099.64,0,-0.0739336,0,1,1,32,0.15,7,60,4,1198.55,1398.03,0.67
15.4704,101,10,1418.07,805.78,0,0,0,0,0,0,0,7,60,0,1730.82,941.03,0
15.477,110,11,1508.21,743.471,15.3557,-1.42111,0,1,0,0,0,7,60,4,1705.06,1277.83,1.19
15.4807,115,21,2067.05,1044.82,1.12723,1.43559,0,1,0,0,0,7,60,4,1462.3,1001.73,0
15.4815,116,28,1705.06,1277.83,1.19,2.82487,0,0,0,0,0,7,60,0,1884.24,2078.89,1.03
15.4896,127,46,2321.23,1878.77,0,-0.0741267,0,1,0,0,0,7,60,4,1301.91,1280.86,0
15.4911,129,19,1459.93,998.13,0,0,0,0,0,0,0,7,60,0,2304.62,1155.62,2.36
15.4919,130,45,2093.08,1871.44,2.58797,-3.20685,0,1,0,0,0,7,60,4,1894.23,1888.89,0
15.5022,9,27,1501.63,1357.69,1.02,2.7979,0,0,0,0,0,7,60,0,1742.39,958.375,0
15.5037,11,12,1879.43,851.519,16.24,2.61809,0,0,0,0,0,7,60,0,1275.88,1298.01,0
15.5133,24,28,1717.35,1273.48,0,-0.0743058,0,1,0,0,0,7,60,4,2293.25,1877.18,0
15.5148,26,27,1500.37,1354.75,1.36,2.79659,0,0,0,0,0,7,60,0,1988.07,2222.31,2.16
15.517,29,27,1650.79,1220.9,2.87541,1.03102,0,1,1,32,0.15,7,60,4,1558.45,1588.02,2.38
15.5348,53,20,1724.98,976.04,0,-0.0744504,0,1,1,32,0.15,7,60,4,1223.39,2092.04,2.31
15.537,56,20,1785.49,1041.14,0,-0.0744645,0,1,1,32,0.15,7,60,4,1663.02,1236.54,1.67
15.54,60,19,1497.15,1007.14,0,0,0,0,0,0,0,7,60,0,1602.47,1787.22,1.62
15.5437,65,20,1719.13,979.98,0,0,0,0,0,0,0,7,60,0,1431.33,994.63,0
15.5481,71,18,1431.33,994.63,0,-0.0745318,0,1,0,0,0,7,60,4,1438.23,995.98,0
15.5533,78,18,1445.12,997.33,0,-0.0745617,0,1,0,64,0.05,7,60,4,1299.94,1284.72,0
15.5541,79,19,1587.69,1106.84,2.90977,0.982978,0,1,1,96,0.2,7,60,4,1832.89,1764.74,1.91
15.5644,93,19,1490.23,1006.13,0,0,0,0,0,0,0,7,60,0,2045.79,1882.41,14.18
15.5659,95,26,1266.23,1300.68,0,0,0,0,0,0,0,7,60,0,1418.07,805.78,0
15.5667,96,19,1583.37,1099.64,0,-0.074634,0,1,1,32,0.15,7,60,4,1198.56,1397.96,0.67
15.5704,101,10,1418.07,805.78,0,0,0,0,0,0,0,7,60,0,1730.82,941.03,0
15.577,110,11,1508.51,742.169,15.3535,-1.42177,0,1,0,0,0,7,60,4,1704.95,1277.86,1.19
15.5807,115,21,2067.05,1044.92,1.12707,1.43494,0,1,0,0,0,7,60,4,1462.3,1001.73,0
15.5815,116,28,1704.94,1277.86,1.19,2.82487,0,0,0,0,0,7,60,0,1884.22,2078.79,1.03
15.5896,127,46,2321.23,1878.77,0,-0.0747433,0,1,0,0,0,7,60,4,1301.91,1280.86,0
15.5911,129,19,1459.93,998.13,0,0,0,0,0,0,0,7,60,0,2304.38,1155.66,2.36
15.5919,130,45,2092.86,1871.44,2.58764,-3.20746,0,1,0,0,0,7,60,4,1894.23,1888.89,0
15.6022,9,27,1501.53,1357.73,1.02,2.7979,0,0,0,0,0,7,60,0,1742.39,958.375,0
15.6037,11,12,1878.02,852.331,16.24,2.61809,0,0,0,0,0,7,60,0,1275.88,1298.01,0
15.6133,24,28,1717.35,1273.48,0,-0.0748359,0,1,0,0,0,7,60,4,2293.25,1877.18,0
15.6148,26,27,1500.24,1354.79,1.36,2.79659,0,0,0,0,0,7,60,0,1987.85,2222.33,2.16
15.617,29,27,1650.9,1221.12,2.87509,1.03051,0,1,1,32,0.15,7,60,4,1558.42,1587.78,2.38
15.6348,53,20,1724.98,976.04,0,-0.074902,0,1,1,32,0.15,7,60,4,1223.42,2092.27,2.31
15.637,56,20,1785.49,1041.14,0,-0.0749079,0,1,1,32,0.15,7,60,4,1662.94,1236.39,1.67
15.64,60,19,1497.15,1007.14,0,0,0,0,0,0,0,7,60,0,1602.5,1787.38,1.62
15.6437,65,20,1719.13,979.98,0,0,0,0,0,0,0,7,60,0,1431.33,994.63,0
15.6481,71,18,1431.33,994.63,0,-0.0749345,0,1,0,0,0,7,60,4,1438.23,995.98,0
15.6533,78,18,1445.12,997.33,0,-0.0749454,0,1,0,64,0.05,7,60,4,1299.94,1284.72,0
15.6541,79,19,1587.81,1107.06,2.90953,0.982597,0,1,1,96,0.2,7,60,4,1832.86,1764.55,1.91
15.6644,93,19,1490.23,1006.13,0,0,0,0,0,0,0,7,60,0,2047.21,1882.37,14.18
15.6659,95,26,1266.23,1300.68,0,0,0,0,0,0,0,7,60,0,1418.07,805.78,0
15.6667,96,19,1583.37,1099.64,0,-0.0749688,0,1,1,32,0.15,7,60,4,1198.57,1397.9,0.67
15.6704,101,10,1418.07,805.78,0,0,0,0,0,0,0,7,60,0,1730.82,941.03,0
15.677,110,11,1508.81,740.867,15.3526,-1.42207,0,1,0,0,0,7,60,4,1704.84,1277.9,1.19
15.6807,115,21,2067.06,1045.02,1.127,1.43466,0,1,0,0,0,7,60,4,1462.3,1001.73,0
15.6815,116,28,1704.83,1277.9,1.19,2.82487,0,0,0,0,0,7,60,0,1884.2,2078.69,1.03
15.6896,127,46,2321.23,1878.77,0,-0.0749939,0,1,0,0,0,7,60,4,1301.91,1280.86,0
15.6911,129,19,1459.93,998.13,0,0,0,0,0,0,0,7,60,0,2304.15,1155.7,2.36
15.6919,130,45,2092.63,1871.44,2.5875,-3.2077,0,1,0,0,0,7,60,4,1894.23,1888.89,0
15.7022,9,27,1501.44,1357.76,1.02,2.7979,0,0,0,0,0,7,60,0,1742.39,958.375,0
15.7037,11,12,1876.61,853.143,16.24,2.61809,0,0,0,0,0,7,60,0,1275.88,1298.01,0
15.7133,24,28,1717.35,1273.48,0,-0.0749994,0,1,0,0,0,7,60,4,2293.25,1877.18,0
15.7148,26,27,1500.12,1354.84,1.36,2.79659,0,0,0,0,0,7,60,0,1987.64,2222.34,2.16
15.717,29,27,1651.01,1221.34,2.875,1.03036,0,1,1,32,0.15,7,60,4,1558.39,1587.55,2.38
15.7348,53,20,1724.98,976.04,0,-0.0749866,0,1,1,32,0.15,7,60,4,1223.46,2092.5,2.31
15.737,56,20,1785.49,1041.14,0,-0.0749844,0,1,1,32,0.15,7,60,4,1662.87,1236.24,1.67
15.74,60,19,1497.15,1007.14,0,0,0,0,0,0,0,7,60,0,1602.53,1787.54,1.62
15.7437,65,20,1719.13,979.98,0,0,0,0,0,0,0,7,60,0,1431.33,994.63,0
15.7481,71,18,1431.33,994.63,0,-0.0749702,0,1,0,0,0,7,60,4,1438.23,995.98,0
15.7533,78,18,1445.12,997.33,0,-0.074962,0,1,0,64,0.05,7,60,4,1299.94,1284.72,0
15.7541,79,19,1587.94,1107.28,2.90952,0.982583,0,1,1,96,0.2,7,60,4,1832.82,1764.36,1.91
15.7644,93,19,1490.23,1006.13,0,0,0,0,0,0,0,7,60,0,2048.63,1882.33,14.18
15.7659,95,26,1266.23,1300.68,0,0,0,0,0,0,0,7,60,0,1418.07,805.78,0
15.7667,96,19,1583.37,1099.64,0,-0.0749365,0,1,1,32,0.15,7,60,4,1198.58,1397.83,0.67
15.7704,101,10,1418.07,805.78,0,0,0,0,0,0,0,7,60,0,1730.82,941.03,0
15.777,110,11,1509.1,739.566,15.3528,-1.422,0,1,0,0,0,7,60,4,1704.72,1277.94,1.19
15.7807,115,21,2067.07,1045.11,1.12702,1.43475,0,1,0,0,0,7,60,4,1462.3,1001.73,0
15.7815,116,28,1704.72,1277.94,1.19,2.82487,0,0,0,0,0,7,60,0,1884.19,2078.59,1.03
15.7896,127,46,2321.23,1878.77,0,-0.0748772,0,1,0,0,0,7,60,4,1301.91,1280.86,0
15.7911,129,19,1459.93,998.13,0,0,0,0,0,0,0,7,60,0,2303.92,1155.73,2.36
15.7919,130,45,2092.41,1871.43,2.58757,-3.20757,0,1,0,0,0,7,60,4,1894.23,1888.89,0
15.8022,9,27,1501.34,1357.8,1.02,2.7979,0,0,0,0,0,7,60,0,1742.39,958.375,0
15.8037,11,12,1875.21,853.955,16.24,2.61809,0,0,0,0,0,7,60,0,1275.88,1298.01,0
15.8133,24,28,1717.35,1273.48,0,-0.0747957,0,1,0,0,0,7,60,4,2293.25,1877.18,0
15.8148,26,27,1499.99,1354.88,1.36,2.79659,0,0,0,0,0,7,60,0,1987.42,2222.35,2.16
15.817,29,27,1651.13,1221.57,2.87513,1.03058,0,1,1,32,0.15,7,60,4,1558.36,1587.31,2.38
15.8348,53,20,1724.98,976.04,0,-0.074704,0,1,1,32,0.15,7,60,4,1223.49,2092.73,2.31
15.837,56,20,1785.49,1041.14,0,-0.0746936,0,1,1,32,0.15,7,60,4,1662.79,1236.09,1.67
15.84,60,19,1497.15,1007.14,0,0,0,0,0,0,0,7,60,0,1602.56,1787.7,1.62
15.8437,65,20,1719.13,979.98,0,0,0,0,0,0,0,7,60,0,1431.33,994.63,0
15.8481,71,18,1431.33,994.63,0,-0.0746386,0,1,0,0,0,7,60,4,1438.23,995.98,0
15.8533,78,18,1445.12,997.33,0,-0.0746115,0,1,0,64,0.05,7,60,4,1299.94,1284.72,0
15.8541,79,19,1588.06,1107.5,2.90974,0.982937,0,1,1,96,0.2,7,60,4,1832.79,1764.17,1.91
15.8644,93,19,1490.23,1006.13,0,0,0,0,0,0,0,7,60,0,2050.05,1882.3,14.18
15.8659,95,26,1266.23,1300.68,0,0,0,0,0,0,0,7,60,0,1418.07,805.78,0
15.8667,96,19,1583.37,1099.64,0,-0.0745371,0,1,1,32,0.15,7,60,4,1198.59,1397.76,0.67
15.8704,101,10,1418.07,805.78,0,0,0,0,0,0,0,7,60,0,1730.82,941.03,0
15.877,110,11,1509.4,738.264,15.3542,-1.42156,0,1,0,0,0,7,60,4,1704.61,1277.97,1.19
15.8807,115,21,2067.07,1045.21,1.12713,1.4352,0,1,0,0,0,7,60,4,1462.3,1001.73,0
15.8815,116,28,1704.61,1277.98,1.19,2.82487,0,0,0,0,0,7,60,0,1884.17,2078.48,1.03
15.8896,127,46,2321.23,1878.77,0,-0.0743936,0,1,0,0,0,7,60,4,1301.91,1280.86,0
15.8911,129,19,1459.93,998.13,0,0,0,0,0,0,0,7,60,0,2303.68,1155.77,2.36
15.8919,130,45,2092.18,1871.43,2.58784,-3.20708,0,1,0,0,0,7,60,4,1894.23,1888.89,0
15.9022,9,27,1501.24,1357.83,1.02,2.7979,0,0,0,0,0,7,60,0,1742.39,958.375,0
15.9037,11,12,1873.8,854.767,16.24,2.61809,0,0,0,0,0,7,60,0,1275.88,1298.01,0
15.9133,24,28,1717.35,1273.48,0,-0.0742255,0,1,0,0,0,7,60,4,2293.25,1877.18,0
15.9148,26,27,1499.86,1354.93,1.36,2.79659,0,0,0,0,0,7,60,0,1987.21,2222.37,2.16
15.917,29,27,1651.24,1221.79,2.87549,1.03116,0,1,1,32,0.15,7,60,4,1558.32,1587.08,2.38
15.9348,53,20,1724.98,976.04,0,-0.0740554,0,1,1,32,0.15,7,60,4,1223.52,2092.96,2.31
15.937,56,20,1785.49,1041.14,0,-0.074037,0,1,1,32,0.15,7,60,4,1662.72,1235.94,1.67
15.94,60,19,1497.15,1007.14,0,0,0,0,0,0,0,7,60,0,1602.59,1787.86,1.62
15.9437,65,20,1719.13,979.98,0,0,0,0,0,0,0,7,60,0,1431.33,994.63,0
15.9481,71,18,1431.33,994.63,0,-0.0739415,0,1,0,0,0,7,60,4,1438.23,995.98,0
15.9533,78,18,1445.12,997.33,0,-0.0738955,0,1,0,64,0.05,7,60,4,1299.94,1284.72,0
15.9541,79,19,1588.19,1107.72,2.91019,0.983655,0,1,1,96,0.2,7,60,4,1832.75,1763.99,1.91
15.9644,93,19,1490.23,1006.13,0,0,0,0,0,0,0,7,60,0,2051.46,1882.26,14.18
15.9659,95,26,1266.23,1300.68,0,0,0,0,0,0,0,7,60,0,1418.07,805.78,0
15.9667,96,19,1583.37,1099.64,0,-0.0737725,0,1,1,32,0.15,7,60,4,1198.6,1397.7,0.67
15.9704,101,10,1418.07,805.78,0,0,0,0,0,0,0,7,60,0,1730.82,941.03,0
15.977,110,11,1509.69,736.962,15.3569,-1.42076,0,1,0,0,0,7,60,4,1704.5,1278.01,1.19
15.9807,115,21,2067.08,1045.31,1.12733,1.43601,0,1,0,0,0,7,60,4,1462.3,1001.73,0
15.9815,116,28,1704.49,1278.01,1.19,2.82487,0,0,0,0,0,7,60,0,1884.15,2078.38,1.03
15.9896,127,46,2321.23,1878.77,0,-0.0735459,0,1,0,0,0,7,60,4,1301.91,1280.86,0
15.9911,129,19,1459.93,998.13,0,0,0,0,0,0,0,7,60,0,2303.45,1155.81,2.36
15.9919,130,45,2091.96,1871.43,2.58832,-3.20623,0,1,0,0,0,7,60,4,1894.23,1888.89,0
16.0022,9,27,1501.16,1357.86,2.15,2.79481,11.3,0,1,4,0.1,7,60,0,1742.39,958.375,0
16.0037,11,12,1872.41,855.57,16.44,2.61821,2,0,0,0,0,7,60,0,1275.88,1298.01,0
16.0133,24,28,1717.34,1273.48,1.21944,2.722,10.6,1,1,6,0.2,7,60,4,2293.25,1877.18,0
16.0148,26,27,1499.7,1354.99,3.26,2.79465,19,0,1,4,0.1,7,60,0,1986.97,2222.38,4.35
16.017,29,27,1651.36,1222.03,4.85481,1.02754,17.2,1,1,164,0.35,7,60,4,1558.3,1586.82,4.12
16.0348,53,20,1724.98,976.04,0,-0.0730443,0,1,1,32,0.15,7,60,4,1223.56,2093.26,4.59
16.037,56,20,1785.49,1041.14,0,-0.0730177,0,1,1,32,0.15,7,60,4,1662.62,1235.75,3
16.04,60,19,1497.15,1007.14,0,0,0,0,0,0,0,7,60,0,1602.63,1788.07,2.93
16.0437,65,20,1719.13,979.98,0,0,0,0,0,0,0,7,60,0,1431.33,994.63,0
16.0481,71,18,1431.33,994.63,0,-0.0728823,0,1,0,0,0,7,60,4,1438.23,995.98,0
16.0533,78,18,1445.12,997.33,0,-0.0728175,0,1,0,64,0.05,7,60,4,1299.99,1284.71,0.95
16.0541,79,19,1588.37,1108.06,5.84474,1.00431,25.5,1,1,100,0.3,7,60,4,1832.7,1763.69,4.05
16.0644,93,19,1490.23,1006.13,0,0,0,0,0,0,0,7,60,0,2052.61,1882.23,10.45
16.0659,95,26,1266.23,1300.68,0,0,0,0,0,0,0,7,60,0,1418.07,805.78,0
16.0667,96,19,1583.41,1099.7,1.1851,0.947764,10.3,1,1,6,0.2,7,60,4,1198.61,1397.58,1.46
16.0704,101,10,1418.07,805.78,0,0,0,0,0,0,0,7,60,0,1730.82,941.03,0
16.077,110,11,1509.99,735.66,15.4642,-1.42052,0.9,1,0,0,0,7,60,4,1704.29,1278.07,2.49
16.0807,115,21,2067.09,1045.46,1.95606,1.40984,7.2,1,1,4,0.1,7,60,4,1462.3,1001.73,0
16.0815,116,28,1704.28,1278.08,2.49,2.84974,13,0,1,4,0.1,7,60,0,1884.12,2078.18,2.29
16.0896,127,46,2321.23,1878.77,0,-0.0723377,0,1,0,0,0,7,60,4,1302.07,1280.81,1.9
16.0911,129,19,1459.93,998.13,0,0,0,0,0,0,0,7,60,0,2303.03,1155.87,4.4
16.0919,130,45,2091.52,1871.43,5.25853,-3.20952,23.2,1,1,4,0.1,7,60,4,1894.04,1888.93,2.13
16.1022,9,27,1500.95,1357.93,2.15,2.79481,0,0,0,0,0,7,60,0,1742.39,958.375,0
16.1037,11,12,1870.98,856.392,16.44,2.61821,0,0,0,0,0,7,60,0,1275.88,1298.01,0
16.1133,24,28,1717.24,1273.52,1.21978,2.72329,0,1,0,0,0,7,60,4,2293.25,1877.18,0
16.1148,26,27,1499.4,1355.1,3.26,2.79465,0,0,0,0,0,7,60,0,1986.53,2222.42,4.35
16.117,29,27,1651.55,1222.41,4.85618,1.02884,0,1,1,32,0.15,7,60,4,1558.28,1586.41,4.12
16.1348,53,20,1724.98,976.04,0,-0.0716752,0,1,0,0,0,7,60,4,1223.63,2093.71,4.59
16.137,56,20,1785.49,1041.14,0,-0.0716407,0,1,1,32,0.15,7,60,4,1662.48,1235.48,3
16.14,60,19,1497.15,1007.14,0,0,0,0,0,0,0,7,60,0,1602.69,1788.35,2.93
16.1437,65,20,1719.13,979.98,0,0,0,0,0,0,0,7,60,0,1431.33,994.63,0
16.1481,71,18,1431.33,994.63,0,-0.071466,0,1,0,0,0,7,60,4,1438.23,995.98,0
16.1533,78,18,1445.12,997.33,0,-0.071383,0,1,0,64,0.05,7,60,4,1300.08,1284.68,0.95
16.1541,79,19,1588.61,1108.51,5.84654,1.00575,0,1,1,96,0.2,7,60,4,1832.63,1763.3,4.05
16.1644,93,19,1490.23,1006.13,0,0,0,0,0,0,0,7,60,0,2053.66,1882.21,10.45
16.1659,95,26,1266.23,1300.68,0,0,0,0,0,0,0,7,60,0,1418.07,805.78,0
16.1667,96,19,1583.46,1099.79,1.18547,0.949245,0,1,1,32,0.15,7,60,4,1198.64,1397.44,1.46
16.1704,101,10,1418.07,805.78,0,0,0,0,0,0,0,7,60,0,1730.82,941.03,0
16.177,110,11,1510.29,734.349,15.4693,-1.419,0,1,1,128,0.1,7,60,4,1704.05,1278.15,2.49
16.1807,115,21,2067.11,1045.63,1.95671,1.41137,0,1,0,0,0,7,60,4,1462.3,1001.73,0
16.1815,116,28,1704.04,1278.15,2.49,2.84974,0,0,0,0,0,7,60,0,1884.08,2077.95,2.29
16.1896,127,46,2321.23,1878.77,0,-0.0707753,0,1,0,0,0,7,60,4,1302.26,1280.76,1.9
16.1911,129,19,1459.93,998.13,0,0,0,0,0,0,0,7,60,0,2302.6,1155.94,4.4
16.1919,130,45,2091.06,1871.43,5.26031,-3.20795,0,1,0,0,0,7,60,4,1893.83,1888.96,2.13
16.2022,9,27,1500.75,1358.01,2.15,2.79481,0,0,0,0,0,7,60,0,1742.39,958.375,0
16.2037,11,12,1869.56,857.214,16.44,2.61821,0,0,0,0,0,7,60,0,1275.88,1298.01,0
16.2133,24,28,1717.14,1273.56,1.22022,2.72494,0,1,0,0,0,7,60,4,2293.25,1877.18,0
16.2148,26,27,1499.09,1355.21,3.26,2.79465,0,0,0,0,0,7,60,0,1986.1,2222.45,4.35
16.217,29,27,1651.74,1222.79,4.85791,1.0305,0,1,1,32,0.15,7,60,4,1558.26,1586,4.12
16.2348,53,20,1724.98,976.04,0,-0.0699551,0,1,1,32,0.15,7,60,4,1223.69,2094.17,4.59
16.237,56,20,1785.49,1041.14,0,-0.0699131,0,1,1,32,0.15,7,60,4,1662.35,1235.22,3
16.24,60,19,1497.15,1007.14,0,0,0,0,0,0,0,7,60,0,1602.75,1788.64,2.93
16.2437,65,20,1719.13,979.98,0,0,0,0,0,0,0,7,60,0,1431.33,994.63,0
16.2481,71,18,1431.33,994.63,0,-0.0696997,0,1,0,0,0,7,60,4,1438.23,995.98,0
16.2533,78,18,1445.12,997.33,0,-0.0695988,0,1,0,64,0.05,7,60,4,1300.17,1284.65,0.95
16.2541,79,19,1588.85,1108.96,5.8488,1.00754,0,1,1,96,0.2,7,60,4,1832.56,1762.9,4.05
16.2644,93,19,1490.23,1006.13,0,0,0,0,0,0,0,7,60,0,2054.7,1882.18,10.45
16.2659,95,26,1266.23,1300.68,0,0,0,0,0,0,0,7,60,0,1418.07,805.78,0
16.2667,96,19,1583.51,1099.87,1.18594,0.951075,0,1,1,32,0.15,7,60,4,1198.66,1397.29,1.46
16.2704,101,10,1418.07,805.78,0,0,0,0,0,0,0,7,60,0,1730.82,941.03,0
16.277,110,11,1510.58,733.039,15.4755,-1.41714,0,1,0,0,0,7,60,4,1703.81,1278.22,2.49
16.2807,115,21,2067.12,1045.8,1.9575,1.41325,0,1,0,0,0,7,60,4,1462.3,1001.73,0
16.2815,116,28,1703.8,1278.22,2.49,2.84974,0,0,0,0,0,7,60,0,1884.04,2077.73,2.29
16.2896,127,46,2321.23,1878.77,0,-0.0688662,0,1,0,0,0,7,60,4,1302.44,1280.71,1.9
16.2911,129,19,1459.93,998.13,0,0,0,0,0,0,0,7,60,0,2302.16,1156.01,4.4
16.2919,130,45,2090.61,1871.42,5.2625,-3.20604,0,1,0,0,0,7,60,4,1893.62,1889,2.13
16.3022,9,27,1500.55,1358.08,2.15,2.79481,0,0,0,0,0,7,60,0,1742.39,958.375,0
16.3037,11,12,1868.14,858.035,16.44,2.61821,0,0,0,0,0,7,60,0,1275.88,1298.01,0
16.3133,24,28,1717.04,1273.59,1.22074,2.72693,0,1,0,0,0,7,60,4,2293.25,1877.18,0
16.3148,26,27,1498.78,1355.32,3.26,2.79465,0,0,0,0,0,7,60,0,1985.66,2222.48,4.35
16.317,29,27,1651.94,1223.16,4.86003,1.0325,0,1,1,32,0.15,7,60,4,1558.24,1585.58,4.12
16.3348,53,20,1724.98,976.04,0,-0.0678923,0,1,1,32,0.15,7,60,4,1223.76,2094.62,4.59
16.337,56,20,1785.49,1041.14,0,-0.0678428,0,1,1,32,0.15,7,60,4,1662.21,1234.95,3
16.34,60,19,1497.15,1007.14,0,0,0,0,0,0,0,7,60,0,1602.8,1788.93,2.93
16.3437,65,20,1719.13,979.98,0,0,0,0,0,0,0,7,60,0,1431.33,994.63,0
16.3481,71,18,1431.33,994.63,0,-0.0675919,0,1,0,0,0,7,60,4,1438.23,995.98,0
16.3533,78,18,1445.12,997.33,0,-0.0674736,0,1,0,64,0.05,7,60,4,1300.26,1284.63,0.95
16.3541,79,19,1589.09,1109.4,5.85152,1.00967,0,1,1,96,0.2,7,60,4,1832.49,1762.5,4.05
16.3644,93,19,1490.23,1006.13,0,0,0,0,0,0,0,7,60,0,2055.75,1882.16,10.45
16.3659,95,26,1266.23,1300.68,0,0,0,0,0,0,0,7,60,0,1418.07,805.78,0
16.3667,96,19,1583.57,1099.96,1.18651,0.953245,0,1,1,32,0.15,7,60,4,1198.68,1397.15,1.46
16.3704,101,10,1418.07,805.78,0,0,0,0,0,0,0,7,60,0,1730.82,941.03,0
16.377,110,11,1510.88,731.728,15.483,-1.41493,0,1,0,0,0,7,60,4,1703.57,1278.29,2.49
16.3807,115,21,2067.14,1045.97,1.95845,1.41547,0,1,0,0,0,7,60,4,1462.3,1001.73,0
16.3815,116,28,1703.56,1278.29,2.49,2.84974,0,0,0,0,0,7,60,0,1884.01,2077.5,2.29
16.3896,127,46,2321.23,1878.77,0,-0.06662,0,1,0,0,0,7,60,4,1302.62,1280.66,1.9
16.3911,129,19,1459.93,998.13,0,0,0,0,0,0,0,7,60,0,2301.73,1156.08,4.4
16.3919,130,45,2090.15,1871.42,5.26509,-3.20378,0,1,0,0,0,7,60,4,1893.41,1889.04,2.13
16.4022,9,27,1500.35,1358.15,2.15,2.79481,0,0,0,0,0,7,60,0,1742.39,958.375,0
16.4037,11,12,1866.71,858.857,16.44,2.61821,0,0,0,0,0,7,60,0,1275.88,1298.01,0
16.4133,24,28,1716.94,1273.63,1.22137,2.72925,0,1,0,0,0,7,60,4,2293.25,1877.18,0
16.4148,26,27,1498.48,1355.43,3.26,2.79465,0,0,0,0,0,7,60,0,1985.23,2222.51,4.35
16.417,29,27,1652.13,1223.54,4.86251,1.03484,0,1,1,32,0.15,7,60,4,1558.22,1585.17,4.12
16.4348,53,20,1724.98,976.04,0,-0.0654973,0,1,1,32,0.15,7,60,4,1223.82,2095.08,4.59
16.437,56,20,1785.49,1041.14,0,-0.0654402,0,1,1,32,0.15,7,60,4,1662.08,1234.68,3
16.44,60,19,1497.15,1007.14,0,0,0,0,0,0,0,7,60,0,1602.86,1789.21,2.93
16.4437,65,20,1719.13,979.98,0,0,0,0,0,0,0,7,60,0,1431.33,994.63,0
16.4481,71,18,1431.33,994.63,0,-0.0651534,0,1,0,0,0,7,60,4,1438.23,995.98,0
16.4533,78,18,1445.12,997.33,0,-0.0650179,0,1,0,64,0.05,7,60,4,1300.35,1284.6,0.95
16.4541,79,19,1589.33,1109.85,5.85468,1.01212,0,1,1,96,0.2,7,60,4,1832.41,1762.1,4.05
16.4644,93,19,1490.23,1006.13,0,0,0,0,0,0,0,7,60,0,2056.79,1882.13,10.45
16.4659,95,26,1266.23,1300.68,0,0,0,0,0,0,0,7,60,0,1418.07,805.78,0
16.4667,96,19,1583.62,1100.05,1.18716,0.955744,0,1,1,32,0.15,7,60,4,1198.7,1397,1.46
16.4704,101,10,1418.07,805.78,0,0,0,0,0,0,0,7,60,0,1730.82,941.03,0
16.477,110,11,1511.18,730.417,15.4916,-1.4124,0,1,0,0,0,7,60,4,1703.33,1278.36,2.49
16.4807,115,21,2067.15,1046.14,1.95955,1.41801,0,1,0,0,0,7,60,4,1462.3,1001.73,0
16.4815,116,28,1703.32,1278.36,2.49,2.84974,0,0,0,0,0,7,60,0,1883.97,2077.28,2.29
16.4896,127,46,2321.23,1878.77,0,-0.0640473,0,1,0,0,0,7,60,4,1302.81,1280.61,1.9
16.4911,129,19,1459.93,998.13,0,0,0,0,0,0,0,7,60,0,2301.3,1156.15,4.4
16.4919,130,45,2089.69,1871.42,5.26808,-3.2012,0,1,0,0,0,7,60,4,1893.2,1889.08,2.13
16.5022,9,27,1500.14,1358.23,2.15,2.79481,0,0,0,0,0,7,60,0,1742.39,958.375,0
16.5037,11,12,1865.29,859.679,16.44,2.61821,0,0,0,0,0,7,60,0,1275.88,1298.01,0
16.5133,24,28,1716.84,1273.66,1.22208,2.7319,0,1,0,0,0,7,60,4,2293.25,1877.18,0
16.5148,26,27,1498.17,1355.54,3.26,2.79465,0,0,0,0,0,7,60,0,1984.8,2222.54,4.35
16.517,29,27,1652.32,1223.92,4.86537,1.0375,0,1,1,32,0.15,7,60,4,1558.21,1584.76,4.12
16.5348,53,20,1724.98,976.04,0,-0.0627811,0,1,1,32,0.15,7,60,4,1223.89,2095.53,4.59
16.537,56,20,1785.49,1041.14,0,-0.0627171,0,1,1,32,0.15,7,60,4,1661.94,1234.41,3
16.54,60,19,1497.15,1007.14,0,0,0,0,0,0,0,7,60,0,1602.92,1789.5,2.93
16.5437,65,20,1719.13,979.98,0,0,0,0,0,0,0,7,60,0,1431.33,994.63,0
16.5481,71,18,1431.33,994.63,0,-0.0623955,0,1,0,0,0,7,60,4,1438.23,995.98,0
16.5533,78,18,1445.12,997.33,0,-0.0622442,0,1,0,64,0.05,7,60,4,1300.45,1284.58,0.95
16.5541,79,19,1589.57,1110.3,5.85828,1.0149,0,1,1,96,0.2,7,60,4,1832.34,1761.7,4.05
16.5644,93,19,1490.23,1006.13,0,0,0,0,0,0,0,7,60,0,2057.84,1882.1,10.45
16.5659,95,26,1266.23,1300.68,0,0,0,0,0,0,0,7,60,0,1418.07,805.78,0
16.5667,96,19,1583.68,1100.14,1.1879,0.958559,0,1,1,32,0.15,7,60,4,1198.72,1396.86,1.46
16.5704,101,10,1418.07,805.78,0,0,0,0,0,0,0,7,60,0,1730.82,941.03,0
16.577,110,11,1511.47,729.106,15.5014,-1.40955,0,1,0,0,0,7,60,4,1703.09,1278.43,2.49
16.5807,115,21,2067.17,1046.31,1.9608,1.42087,0,1,0,0,0,7,60,4,1462.3,1001.73,0
16.5815,116,28,1703.08,1278.44,2.49,2.84974,0,0,0,0,0,7,60,0,1883.93,2077.05,2.29
16.5896,127,46,2321.23,1878.77,0,-0.0611608,0,1,0,0,0,7,60,4,1302.99,1280.56,1.9
16.5911,129,19,1459.93,998.13,0,0,0,0,0,0,0,7,60,0,2300.86,1156.22,4.4
16.5919,130,45,2089.24,1871.42,5.27148,-3.19831,0,1,0,0,0,7,60,4,1892.99,1889.12,2.13
16.6022,9,27,1499.94,1358.3,2.15,2.79481,0,0,0,0,0,7,60,0,1742.39,958.375,0
16.6037,11,12,1863.86,860.501,16.44,2.61821,0,0,0,0,0,7,60,0,1275.88,1298.01,0
16.6133,24,28,1716.74,1273.7,1.22289,2.73486,0,1,0,0,0,7,60,4,2293.25,1877.18,0
16.6148,26,27,1497.87,1355.65,3.26,2.79465,0,0,0,0,0,7,60,0,1984.36,2222.57,4.35
16.617,29,27,1652.51,1224.29,4.8686,1.04047,0,1,1,32,0.15,7,60,4,1558.19,1584.35,4.12
16.6348,53,20,1724.98,976.04,0,-0.0597575,0,1,1,32,0.15,7,60,4,1223.95,2095.99,4.59
16.637,56,20,1785.49,1041.14,0,-0.0596871,0,1,1,32,0.15,7,60,4,1661.81,1234.15,3
16.64,60,19,1497.15,1007.14,0,0,0,0,0,0,0,7,60,0,1602.98,1789.79,2.93
16.6437,65,20,1719.13,979.98,0,0,0,0,0,0,0,7,60,0,1431.33,994.63,0
16.6481,71,18,1431.33,994.63,0,-0.0593319,0,1,0,0,0,7,60,4,1438.23,995.98,0
16.6533,78,18,1445.12,997.33,0,-0.0591651,0,1,0,64,0.05,7,60,4,1300.54,1284.55,0.95
16.6541,79,19,1589.81,1110.75,5.86233,1.01798,0,1,1,96,0.2,7,60,4,1832.27,1761.3,4.05
16.6644,93,19,1490.23,1006.13,0,0,0,0,0,0,0,7,60,0,2058.88,1882.08,10.45
16.6659,95,26,1266.23,1300.68,0,0,0,0,0,0,0,7,60,0,1418.07,805.78,0
16.6667,96,19,1583.73,1100.23,1.18873,0.961678,0,1,1,32,0.15,7,60,4,1198.75,1396.71,1.46
16.6704,101,10,1418.07,805.78,0,0,0,0,0,0,0,7,60,0,1730.82,941.03,0
16.677,110,11,1511.77,727.796,15.5124,-1.4064,0,1,0,0,0,7,60,4,1702.86,1278.5,2.49
16.6807,115,21,2067.18,1046.48,1.96219,1.42403,0,1,0,0,0,7,60,4,1462.3,1001.73,0
16.6815,116,28,1702.85,1278.51,2.49,2.84974,0,0,0,0,0,7,60,0,1883.89,2076.82,2.29
16.6896,127,46,2321.23,1878.77,0,-0.0579752,0,1,0,0,0,7,60,4,1303.17,1280.51,1.9
16.6911,129,19,1459.93,998.13,0,0,0,0,0,0,0,7,60,0,2300.43,1156.29,4.4
16.6919,130,45,2088.78,1871.42,5.27527,-3.19512,0,1,0,0,0,7,60,4,1892.78,1889.16,2.13
16.7022,9,27,1499.74,1358.37,2.15,2.79481,0,0,0,0,0,7,60,0,1742.39,958.375,0
16.7037,11,12,1862.44,861.322,16.44,2.61821,0,0,0,0,0,7,60,0,1275.88,1298.01,0
16.7133,24,28,1716.64,1273.74,1.22379,2.73811,0,1,0,0,0,7,60,4,2293.25,1877.18,0
16.7148,26,27,1497.56,1355.76,3.26,2.79465,0,0,0,0,0,7,60,0,1983.93,2222.6,4.35
16.717,29,27,1652.7,1224.67,4.87219,1.04373,0,1,1,32,0.15,7,60,4,1558.17,1583.94,4.12
16.7348,53,20,1724.98,976.04,0,-0.0564411,0,1,1,32,0.15,7,60,4,1224.02,2096.44,4.59
16.737,56,20,1785.49,1041.14,0,-0.0563644,0,1,1,32,0.15,7,60,4,1661.67,1233.88,3
16.74,60,19,1497.15,1007.14,0,0,0,0,0,0,0,7,60,0,1603.03,1790.08,2.93
16.7437,65,20,1719.13,979.98,0,0,0,0,0,0,0,7,60,0,1431.33,994.63,0
16.7481,71,18,1431.33,994.63,0,-0.0559777,0,1,0,0,0,7,60,4,1438.23,995.98,0
16.7533,78,18,1445.12,997.33,0,-0.0557963,0,1,0,64,0.05,7,60,4,1300.63,1284.53,0.95
16.7541,79,19,1590.06,1111.19,5.86682,1.02135,0,1,1,96,0.2,7,60,4,1832.2,1760.9,4.05
16.7644,93,19,1490.23,1006.13,0,0,0,0,0,0,0,7,60,0,2059.93,1882.05,10.45
16.7659,95,26,1266.23,1300.68,0,0,0,0,0,0,0,7,60,0,1418.07,805.78,0
16.7667,96,19,1583.78,1100.31,1.18965,0.965084,0,1,1,32,0.15,7,60,4,1198.77,1396.57,1.46
16.7704,101,10,1418.07,805.78,0,0,0,0,0,0,0,7,60,0,1730.82,941.03,0
16.777,110,11,1512.07,726.485,15.5245,-1.40297,0,1,0,0,0,7,60,4,1702.62,1278.58,2.49
16.7807,115,21,2067.2,1046.65,1.96373,1.42748,0,1,0,0,0,7,60,4,1462.3,1001.73,0
16.7815,116,28,1702.61,1278.58,2.49,2.84974,0,0,0,0,0,7,60,0,1883.85,2076.6,2.29
16.7896,127,46,2321.23,1878.77,0,-0.0545052,0,1,0,0,0,7,60,4,1303.36,1280.46,1.9
16.7911,129,19,1459.93,998.13,0,0,0,0,0,0,0,7,60,0,2299.99,1156.36,4.4
16.7919,130,45,2088.32,1871.41,5.27945,-3.19164,0,1,0,0,0,7,60,4,1892.57,1889.2,2.13
16.8022,9,27,1499.54,1358.45,2.15,2.79481,0,0,0,0,0,7,60,0,1742.39,958.375,0
16.8037,11,12,1861.02,862.144,16.44,2.61821,0,0,0,0,0,7,60,0,1275.88,1298.01,0
16.8133,24,28,1716.54,1273.77,1.22478,2.74165,0,1,0,0,0,7,60,4,2293.25,1877.18,0
16.8148,26,27,1497.25,1355.87,3.26,2.79465,0,0,0,0,0,7,60,0,1983.49,2222.63,4.35
16.817,29,27,1652.89,1225.04,4.87615,1.04728,0,1,1,32,0.15,7,60,4,1558.15,1583.53,4.12
16.8348,53,20,1724.98,976.04,0,-0.0528488,0,1,1,32,0.15,7,60,4,1224.08,2096.89,4.59
16.837,56,20,1785.49,1041.14,0,-0.0527657,0,1,1,32,0.15,7,60,4,1661.53,1233.61,3
16.84,60,19,1497.15,1007.14,0,0,0,0,0,0,0,7,60,0,1603.09,1790.36,2.93
16.8437,65,20,1719.13,979.98,0,0,0,0,0,0,0,7,60,0,1431.33,994.63,0
16.8481,71,18,1431.33,994.63,0,-0.0523498,0,1,0,0,0,7,60,4,1438.23,995.98,0
16.8533,78,18,1445.12,997.33,0,-0.0521542,0,1,0,64,0.05,7,60,4,1300.72,1284.5,0.95
16.8541,79,19,1590.3,1111.64,5.87174,1.025,0,1,1,96,0.2,7,60,4,1832.13,1760.51,4.05
16.8644,93,19,1490.23,1006.13,0,0,0,0,0,0,0,7,60,0,2060.97,1882.03,10.45
16.8659,95,26,1266.23,1300.68,0,0,0,0,0,0,0,7,60,0,1418.07,805.78,0
16.8667,96,19,1583.84,1100.4,1.19066,0.968762,0,1,1,32,0.15,7,60,4,1198.79,1396.42,1.46
16.8704,101,10,1418.07,805.78,0,0,0,0,0,0,0,7,60,0,1730.82,941.03,0
16.877,110,11,1512.36,725.174,15.5378,-1.39927,0,1,0,0,0,7,60,4,1702.38,1278.65,2.49
16.8807,115,21,2067.21,1046.82,1.96542,1.43119,0,1,0,0,0,7,60,4,1462.3,1001.73,0
16.8815,116,28,1702.37,1278.65,2.49,2.84974,0,0,0,0,0,7,60,0,1883.81,2076.37,2.29
16.8896,127,46,2321.23,1878.77,0,-0.0507682,0,1,0,0,0,7,60,4,1303.54,1280.41,1.9
16.8911,129,19,1459.93,998.13,0,0,0,0,0,0,0,7,60,0,2299.56,1156.43,4.4
16.8919,130,45,2087.86,1871.41,5.28403,-3.1879,0,1,0,0,0,7,60,4,1892.36,1889.24,2.13
16.9022,9,27,1499.34,1358.52,2.15,2.79481,0,0,0,0,0,7,60,0,1742.39,958.375,0
16.9037,11,12,1859.59,862.966,16.44,2.61821,0,0,0,0,0,7,60,0,1275.88,1298.01,0
16.9133,24,28,1716.44,1273.81,1.22586,2.74545,0,1,0,0,0,7,60,4,2293.25,1877.18,0
16.9148,26,27,1496.95,1355.98,3.26,2.79465,0,0,0,0,0,7,60,0,1983.06,2222.66,4.35
16.917,29,27,1653.08,1225.42,4.88046,1.05109,0,1,1,32,0.15,7,60,4,1558.13,1583.12,4.12
16.9348,53,20,1724.98,976.04,0,-0.0489971,0,1,1,32,0.15,7,60,4,1224.15,2097.35,4.59
16.937,56,20,1785.49,1041.14,0,-0.0489085,0,1,1,32,0.15,7,60,4,1661.4,1233.34,3
16.94,60,19,1497.15,1007.14,0,0,0,0,0,0,0,7,60,0,1603.15,1790.65,2.93
16.9437,65,20,1719.13,979.98,0,0,0,0,0,0,0,7,60,0,1431.33,994.63,0
16.9481,71,18,1431.33,994.63,0,-0.048465,0,1,0,0,0,7,60,4,1438.23,995.98,0
16.9533,78,18,1445.12,997.33,0,-0.0482566,0,1,0,64,0.05,7,60,4,1300.81,1284.47,0.95
16.9541,79,19,1590.54,1112.09,5.87709,1.0289,0,1,1,96,0.2,7,60,4,1832.05,1760.11,4.05
16.9644,93,19,1490.23,1006.13,0,0,0,0,0,0,0,7,60,0,2062.02,1882,10.45
16.9659,95,26,1266.23,1300.68,0,0,0,0,0,0,0,7,60,0,1418.07,805.78,0
16.9667,96,19,1583.89,1100.49,1.19176,0.972691,0,1,1,32,0.15,7,60,4,1198.81,1396.28,1.46
16.9704,101,10,1418.07,805.78,0,0,0,0,0,0,0,7,60,0,1730.82,941.03,0
16.977,110,11,1512.66,723.863,15.5523,-1.39531,0,1,0,0,0,7,60,4,1702.14,1278.72,2.49
16.9807,115,21,2067.23,1046.99,1.96724,1.43515,0,1,0,0,0,7,60,4,1462.3,1001.73,0
16.9815,116,28,1702.13,1278.72,2.49,2.84974,0,0,0,0,0,7,60,0,1883.78,2076.15,2.29
16.9896,127,46,2321.23,1878.77,0,-0.0467825,0,1,0,0,0,7,60,4,1303.72,1280.36,1.9
16.9911,129,19,1459.93,998.13,0,0,0,0,0,0,0,7,60,0,2299.12,1156.49,4.4
16.9919,130,45,2087.41,1871.41,5.28899,-3.18391,0,1,0,0,0,7,60,4,1892.15,1889.28,2.13
17.0022,9,27,1499.13,1358.59,3.07,2.79505,9.2,0,1,4,0.1,7,60,0,1742.39,958.375,0
17.0037,11,12,1858.2,863.77,16.34,2.61842,-1,0,0,0,0,7,60,0,1275.88,1298.01,0
17.0133,24,28,1716.32,1273.85,2.7666,2.75801,13.3,1,1,4,0.1,7,60,4,2293.25,1877.18,0
17.0148,26,27,1496.6,1356.11,5.85,2.79604,25.9,0,1,4,0.1,7,60,0,1982.59,2222.7,6.51
17.017,29,27,1653.28,1225.82,6.5984,1.05835,14.8,1,1,36,0.25,7,60,4,1558.17,1582.72,5.46
17.0348,53,20,1724.98,976.04,0,-0.0449054,0,1,1,32,0.15,7,60,4,1224.22,2097.86,6.23
17.037,56,20,1785.49,1041.14,0,-0.0448122,0,1,1,32,0.15,7,60,4,1661.23,1233.02,4.79
17.04,60,19,1497.15,1007.14,0,0,0,0,0,0,0,7,60,0,1603.22,1791.03,5.32
17.0437,65,20,1719.13,979.98,0,0,0,0,0,0,0,7,60,0,1431.33,994.63,0
17.0481,71,18,1431.33,994.63,0,-0.0443428,0,1,0,0,0,7,60,4,1438.23,995.98,0
17.0533,78,18,1445.12,997.33,0,-0.0441232,0,1,0,64,0.05,7,60,4,1300.94,1284.44,1.63
17.0541,79,19,1590.81,1112.59,7.53887,1.03203,14.3,1,1,228,0.4,7,60,4,1831.97,1759.63,5.46
17.0644,93,19,1490.23,1006.13,0,0,0,0,0,0,0,7,60,0,2062.86,1881.98,7.38
17.0659,95,26,1266.16,1300.7,1.06,2.87368,10.6,0,1,6,0.2,7,60,0,1418.07,805.78,0
17.0667,96,19,1583.99,1100.65,2.68701,0.982371,12.9,1,1,36,0.25,7,60,4,1198.85,1396.07,2.52
17.0704,101,10,1418.07,805.78,0,0,0,0,0,0,0,7,60,0,1730.82,941.03,0
17.077,110,11,1512.96,722.555,15.533,-1.3899,-0.3,1,0,0,0,7,60,4,1701.85,1278.81,3.14
17.0807,115,21,2067.25,1047.26,3.41717,1.43627,12.5,1,1,4,0.1,7,60,4,1462.3,1001.73,0
17.0815,116,28,1701.84,1278.81,3.14,2.8513,6.5,0,1,4,0.1,7,60,0,1883.72,2075.83,3.45
17.0896,127,46,2321.23,1878.77,0,-0.0425683,0,1,0,0,0,7,60,4,1304.05,1280.26,3.63
17.0911,129,19,1459.93,998.13,0,0,0,0,0,0,0,7,60,0,2298.49,1156.6,6.71
17.0919,130,45,2086.73,1871.41,8.05155,-3.18263,23.8,1,1,4,0.1,7,60,4,1891.83,1889.34,3.34
17.1022,9,27,1498.84,1358.7,3.07,2.79505,0,0,0,0,0,7,60,0,1742.39,958.375,0
17.1037,11,12,1856.78,864.587,16.34,2.61842,0,0,0,0,0,7,60,0,1275.88,1298.01,0
17.1133,24,28,1716.1,1273.93,2.76943,2.76227,0,1,0,0,0,7,60,4,2293.25,1877.18,0
17.1148,26,27,1496.05,1356.31,5.85,2.79604,0,0,0,0,0,7,60,0,1981.94,2222.74,6.51
17.117,29,27,1653.54,1226.33,6.60518,1.06263,0,1,1,32,0.15,7,60,4,1558.46,1582.26,5.46
17.1348,53,20,1724.98,976.04,0,-0.0405938,0,1,0,0,0,7,60,4,1224.31,2098.48,6.23
17.137,56,20,1785.49,1041.14,0,-0.0404959,0,1,0,0,0,7,60,4,1661.02,1232.59,4.79
17.14,60,19,1497.15,1007.14,0,0,0,0,0,0,0,7,60,0,1603.33,1791.55,5.32
17.1437,65,20,1719.13,979.98,0,0,0,0,0,0,0,7,60,0,1431.33,994.63,0
17.1481,71,18,1431.33,994.63,0,-0.0400034,0,1,0,0,0,7,60,4,1438.23,995.98,0
17.1533,78,18,1445.12,997.33,0,-0.0397731,0,1,0,64,0.05,7,60,4,1301.1,1284.4,1.63
17.1541,79,19,1591.12,1113.16,7.54682,1.03638,0,1,1,96,0.2,7,60,4,1831.87,1759.1,5.46
17.1644,93,19,1490.23,1006.13,0,0,0,0,0,0,0,7,60,0,2063.59,1881.96,7.38
17.1659,95,26,1266.06,1300.73,1.06,2.87368,0,0,0,0,0,7,60,0,1418.07,805.78,0
17.1667,96,19,1584.11,1100.85,2.68987,0.986749,0,1,1,32,0.15,7,60,4,1198.89,1395.82,2.52
17.1704,101,10,1418.07,805.78,0,0,0,0,0,0,0,7,60,0,1730.82,941.03,0
17.177,110,11,1513.26,721.247,15.5497,-1.3855,0,1,0,0,0,7,60,4,1701.55,1278.9,3.14
17.1807,115,21,2067.28,1047.55,3.42083,1.44067,0,1,0,0,0,7,60,4,1462.3,1001.73,0
17.1815,116,28,1701.54,1278.9,3.14,2.8513,0,0,0,0,0,7,60,0,1883.67,2075.49,3.45
17.1896,127,46,2321.23,1878.77,0,-0.038145,0,1,0,0,0,7,60,4,1304.4,1280.17,3.63
17.1911,129,19,1459.93,998.13,0,0,0,0,0,0,0,7,60,0,2297.82,1156.7,6.71
17.1919,130,45,2086.04,1871.41,8.06025,-3.1782,0,1,0,0,0,7,60,4,1891.51,1889.4,3.34
17.2022,9,27,1498.56,1358.8,3.07,2.79505,0,0,0,0,0,7,60,0,1742.39,958.375,0
17.2037,11,12,1855.37,865.403,16.34,2.61842,0,0,0,0,0,7,60,0,1275.88,1298.01,0
17.2133,24,28,1715.87,1274.01,2.77246,2.76674,0,1,0,0,0,7,60,4,2293.25,1877.18,0
17.2148,26,27,1495.5,1356.5,5.85,2.79604,0,0,0,0,0,7,60,0,1981.3,2222.79,6.51
17.217,29,27,1653.8,1226.83,6.61243,1.0671,0,1,1,32,0.15,7,60,4,1558.75,1581.79,5.46
17.2348,53,20,1724.98,976.04,0,-0.0360833,0,1,1,32,0.15,7,60,4,1224.39,2099.09,6.23
17.237,56,20,1785.49,1041.14,0,-0.0359813,0,1,1,32,0.15,7,60,4,1660.8,1232.16,4.79
17.24,60,19,1497.15,1007.14,0,0,0,0,0,0,0,7,60,0,1603.43,1792.07,5.32
17.2437,65,20,1719.13,979.98,0,0,0,0,0,0,0,7,60,0,1431.33,994.63,0
17.2481,71,18,1431.33,994.63,0,-0.0354681,0,1,0,0,0,7,60,4,1438.23,995.98,0
17.2533,78,18,1445.12,997.33,0,-0.0352283,0,1,0,64,0.05,7,60,4,1301.25,1284.35,1.63
17.2541,79,19,1591.43,1113.74,7.55529,1.04093,0,1,1,96,0.2,7,60,4,1831.77,1758.56,5.46
17.2644,93,19,1490.23,1006.13,0,0,0,0,0,0,0,7,60,0,2064.33,1881.94,7.38
17.2659,95,26,1265.96,1300.75,1.06,2.87368,0,0,0,0,0,7,60,0,1418.07,805.78,0
17.2667,96,19,1584.23,1101.05,2.69291,0.991318,0,1,1,32,0.15,7,60,4,1198.93,1395.57,2.52
17.2704,101,10,1418.07,805.78,0,0,0,0,0,0,0,7,60,0,1730.82,941.03,0
17.2807,115,21,2067.31,1047.84,3.42474,1.44526,0,1,0,0,0,7,60,4,1462.3,1001.73,0
17.2815,116,28,1701.24,1278.99,3.14,2.8513,0,0,0,0,0,7,60,0,1883.61,2075.15,3.45
17.2896,127,46,2321.23,1878.77,0,-0.0335348,0,1,0,0,0,7,60,4,1304.75,1280.07,3.63
17.2911,129,19,1459.93,998.13,0,0,0,0,0,0,0,7,60,0,2297.16,1156.81,6.71
17.2919,130,45,2085.34,1871.41,8.0695,-3.17358,0,1,0,0,0,7,60,4,1891.18,1889.46,3.34
17.3022,9,27,1498.27,1358.91,3.07,2.79505,0,0,0,0,0,7,60,0,1742.39,958.375,0
17.3037,11,12,1853.95,866.219,16.34,2.61842,0,0,0,0,0,7,60,0,1275.88,1298.01,0
17.3133,24,28,1715.64,1274.09,2.77569,2.77139,0,1,0,0,0,7,60,4,2293.25,1877.18,0
17.3148,26,27,1494.95,1356.7,5.85,2.79604,0,0,0,0,0,7,60,0,1980.65,2222.83,6.51
17.317,29,27,1654.05,1227.34,6.62014,1.07176,0,1,1,32,0.15,7,60,4,1559.04,1581.33,5.46
17.3348,53,20,1724.98,976.04,0,-0.0313966,0,1,1,32,0.15,7,60,4,1224.48,2099.71,6.23
17.337,56,20,1785.49,1041.14,0,-0.0312903,0,1,1,32,0.15,7,60,4,1660.58,1231.73,4.79
17.34,60,19,1497.15,1007.14,0,0,0,0,0,0,0,7,60,0,1603.53,1792.59,5.32
17.3437,65,20,1719.13,979.98,0,0,0,0,0,0,0,7,60,0,1431.33,994.63,0
17.3481,71,18,1431.33,994.63,0,-0.0307595,0,1,0,0,0,7,60,4,1438.23,995.98,0
17.3533,78,18,1445.12,997.33,0,-0.0305113,0,1,0,64,0.05,7,60,4,1301.41,1284.31,1.63
17.3541,79,19,1591.73,1114.31,7.56429,1.04565,0,1,1,96,0.2,7,60,4,1831.67,1758.02,5.46
17.3644,93,19,1490.23,1006.13,0,0,0,0,0,0,0,7,60,0,2065.07,1881.92,7.38
17.3659,95,26,1265.86,1300.78,1.06,2.87368,0,0,0,0,0,7,60,0,1418.07,805.78,0
17.3667,96,19,1584.35,1101.25,2.69614,0.996056,0,1,1,32,0.15,7,60,4,1198.97,1395.32,2.52
17.3704,101,10,1418.07,805.78,0,0,0,0,0,0,0,7,60,0,1730.82,941.03,0
17.3807,115,21,2067.33,1048.14,3.42888,1.45003,0,1,0,0,0,7,60,4,1462.3,1001.73,0
17.3815,116,28,1700.94,1279.08,3.14,2.8513,0,0,0,0,0,7,60,0,1883.55,2074.81,3.45
17.3896,127,46,2321.23,1878.77,0,-0.0287604,0,1,0,0,0,7,60,4,1305.1,1279.97,3.63
17.3911,129,19,1459.93,998.13,0,0,0,0,0,0,0,7,60,0,2296.5,1156.91,6.71
17.3919,130,45,2084.65,1871.41,8.07932,-3.16881,0,1,0,0,0,7,60,4,1890.85,1889.52,3.34
17.4022,9,27,1497.98,1359.01,3.07,2.79505,0,0,0,0,0,7,60,0,1742.39,958.375,0
17.4037,11,12,1852.54,867.036,16.34,2.61842,0,0,0,0,0,7,60,0,1275.88,1298.01,0
17.4133,24,28,1715.42,1274.17,2.77911,2.7762,0,1,0,0,0,7,60,4,2293.25,1877.18,0
17.4148,26,27,1494.4,1356.9,5.85,2.79604,0,0,0,0,0,7,60,0,1980,2222.88,6.51
17.417,29,27,1654.31,1227.85,6.6283,1.07658,0,1,1,32,0.15,7,60,4,1559.32,1580.87,5.46
17.4348,53,20,1724.98,976.04,0,-0.0265559,0,1,1,32,0.15,7,60,4,1224.57,2100.33,6.23
17.437,56,20,1785.49,1041.14,0,-0.0264465,0,1,1,32,0.15,7,60,4,1660.37,1231.31,4.79
17.44,60,19,1497.15,1007.14,0,0,0,0,0,0,0,7,60,0,1603.64,1793.12,5.32
17.4437,65,20,1719.13,979.98,0,0,0,0,0,0,0,7,60,0,1431.33,994.63,0
17.4481,71,18,1431.33,994.63,0,-0.0259001,0,1,0,0,0,7,60,4,1438.23,995.98,0
17.4533,78,18,1445.12,997.33,0,-0.0256441,0,1,0,64,0.05,7,60,4,1301.57,1284.27,1.63
17.4541,79,19,1592.04,1114.88,7.5738,1.05052,0,1,1,96,0.2,7,60,4,1831.58,1757.48,5.46
17.4644,93,19,1490.23,1006.13,0,0,0,0,0,0,0,7,60,0,2065.81,1881.9,7.38
17.4659,95,26,1265.75,1300.81,1.06,2.87368,0,0,0,0,0,7,60,0,1418.07,805.78,0
17.4667,96,19,1584.47,1101.44,2.69955,1.00094,0,1,1,32,0.15,7,60,4,1199.01,1395.07,2.52
17.4704,101,10,1418.07,805.78,0,0,0,0,0,0,0,7,60,0,1730.82,941.03,0
17.4807,115,21,2067.36,1048.43,3.43325,1.45493,0,1,0,0,0,7,60,4,1462.3,1001.73,0
17.4815,116,28,1700.64,1279.17,3.14,2.8513,0,0,0,0,0,7,60,0,1883.5,2074.47,3.45
17.4896,127,46,2321.23,1878.77,0,-0.0238458,0,1,0,0,0,7,60,4,1305.45,1279.87,3.63
17.4911,129,19,1459.93,998.13,0,0,0,0,0,0,0,7,60,0,2295.83,1157.01,6.71
17.4919,130,45,2083.95,1871.41,8.08968,-3.16389,0,1,0,0,0,7,60,4,1890.52,1889.58,3.34
17.5022,9,27,1497.69,1359.11,3.07,2.79505,0,0,0,0,0,7,60,0,1742.39,958.375,0
17.5037,11,12,1851.12,867.852,16.34,2.61842,0,0,0,0,0,7,60,0,1275.88,1298.01,0
17.5133,24,28,1715.19,1274.25,2.78271,2.78115,0,1,0,0,0,7,60,4,2293.25,1877.18,0
17.5148,26,27,1493.85,1357.1,5.85,2.79604,0,0,0,0,0,7,60,0,1979.35,2222.92,6.51
17.517,29,27,1654.57,1228.36,6.63691,1.08153,0,1,1,32,0.15,7,60,4,1559.61,1580.4,5.46
17.5348,53,20,1724.98,976.04,0,-0.0215846,0,1,1,32,0.15,7,60,4,1224.65,2100.94,6.23
17.537,56,20,1785.49,1041.14,0,-0.0214731,0,1,1,32,0.15,7,60,4,1660.15,1230.88,4.79
17.54,60,19,1497.15,1007.14,0,0,0,0,0,0,0,7,60,0,1603.74,1793.64,5.32
17.5437,65,20,1719.13,979.98,0,0,0,0,0,0,0,7,60,0,1431.33,994.63,0
17.5481,71,18,1431.33,994.63,0,-0.0209132,0,1,0,0,0,7,60,4,1438.23,995.98,0
17.5533,78,18,1445.12,997.33,0,-0.0206519,0,1,0,64,0.05,7,60,4,1301.72,1284.22,1.63
17.5541,79,19,1592.35,1115.45,7.58383,1.05551,0,1,1,96,0.2,7,60,4,1831.48,1756.95,5.46
17.5644,93,19,1490.23,1006.13,0,0,0,0,0,0,0,7,60,0,2066.54,1881.88,7.38
17.5659,95,26,1265.65,1300.84,1.06,2.87368,0,0,0,0,0,7,60,0,1418.07,805.78,0
17.5667,96,19,1584.59,1101.64,2.70315,1.00595,0,1,1,32,0.15,7,60,4,1199.05,1394.82,2.52
17.5704,101,10,1418.07,805.78,0,0,0,0,0,0,0,7,60,0,1730.82,941.03,0
17.5807,115,21,2067.39,1048.73,3.43785,1.45995,0,1,0,0,0,7,60,4,1462.3,1001.73,0
17.5815,116,28,1700.34,1279.26,3.14,2.8513,0,0,0,0,0,7,60,0,1883.44,2074.13,3.45
17.5896,127,46,2321.23,1878.77,0,-0.0188137,0,1,0,0,0,7,60,4,1305.8,1279.78,3.63
17.5911,129,19,1459.93,998.13,0,0,0,0,0,0,0,7,60,0,2295.17,1157.12,6.71
17.5919,130,45,2083.26,1871.4,8.10059,-3.15885,0,1,0,0,0,7,60,4,1890.19,1889.65,3.34
17.6022,9,27,1497.4,1359.22,3.07,2.79505,0,0,0,0,0,7,60,0,1742.39,958.375,0
17.6037,11,12,1849.7,868.669,16.34,2.61842,0,0,0,0,0,7,60,0,1275.88,1298.01,0
17.6133,24,28,1714.97,1274.32,2.7865,2.7862,0,1,0,0,0,7,60,4,2293.25,1877.18,0
17.6148,26,27,1493.3,1357.3,5.85,2.79604,0,0,0,0,0,7,60,0,1978.7,2222.97,6.51
17.617,29,27,1654.82,1228.87,6.64596,1.08659,0,1,1,32,0.15,7,60,4,1559.9,1579.94,5.46
17.6348,53,20,1724.98,976.04,0,-0.0165081,0,1,1,32,0.15,7,60,4,1224.74,2101.56,6.23
17.637,56,20,1785.49,1041.14,0,-0.0163946,0,1,1,32,0.15,7,60,4,1659.94,1230.45,4.79
17.64,60,19,1497.15,1007.14,0,0,0,0,0,0,0,7,60,0,1603.84,1794.16,5.32
17.6437,65,20,1719.13,979.98,0,0,0,0,0,0,0,7,60,0,1431.33,994.63,0
17.6481,71,18,1431.33,994.63,0,-0.0158245,0,1,0,0,0,7,60,4,1438.23,995.98,0
17.6533,78,18,1445.12,997.33,0,-0.0155586,0,1,0,64,0.05,7,60,4,1301.88,1284.18,1.63
17.6541,79,19,1592.66,1116.03,7.59435,1.0606,0,1,1,96,0.2,7,60,4,1831.38,1756.41,5.46
17.6644,93,19,1490.23,1006.13,0,0,0,0,0,0,0,7,60,0,2067.28,1881.86,7.38
17.6659,95,26,1265.55,1300.87,1.06,2.87368,0,0,0,0,0,7,60,0,1418.07,805.78,0
17.6667,96,19,1584.71,1101.84,2.70692,1.01105,0,1,1,32,0.15,7,60,4,1199.09,1394.57,2.52
17.6704,101,10,1418.07,805.78,0,0,0,0,0,0,0,7,60,0,1730.82,941.03,0
17.6807,115,21,2067.41,1049.02,3.44268,1.46507,0,1,0,0,0,7,60,4,1462.3,1001.73,0
17.6815,116,28,1700.04,1279.35,3.14,2.8513,0,0,0,0,0,7,60,0,1883.38,2073.79,3.45
17.6896,127,46,2321.23,1878.77,0,-0.0136895,0,1,0,0,0,7,60,4,1306.15,1279.68,3.63
17.6911,129,19,1459.93,998.13,0,0,0,0,0,0,0,7,60,0,2294.51,1157.22,6.71
17.6919,130,45,2082.56,1871.4,8.11201,-3.15373,0,1,0,0,0,7,60,4,1889.86,1889.71,3.34
17.7022,9,27,1497.11,1359.32,3.07,2.79505,0,0,0,0,0,7,60,0,1742.39,958.375,0
17.7037,11,12,1848.29,869.485,16.34,2.61842,0,0,0,0,0,7,60,0,1275.88,1298.01,0
17.7133,24,28,1714.74,1274.4,2.79047,2.79135,0,1,0,0,0,7,60,4,2293.25,1877.18,0
17.7148,26,27,1492.75,1357.49,5.85,2.79604,0,0,0,0,0,7,60,0,1978.05,2223.01,6.51
17.717,29,27,1655.08,1229.38,6.65545,1.09173,0,1,1,32,0.15,7,60,4,1560.19,1579.48,5.46
17.7348,53,20,1724.98,976.04,0,-0.0113508,0,1,1,32,0.15,7,60,4,1224.83,2102.18,6.23
17.737,56,20,1785.49,1041.14,0,-0.0112351,0,1,1,32,0.15,7,60,4,1659.72,1230.02,4.79
17.74,60,19,1497.15,1007.14,0,0,0,0,0,0,0,7,60,0,1603.95,1794.68,5.32
17.7437,65,20,1719.13,979.98,0,0,0,0,0,0,0,7,60,0,1431.33,994.63,0
17.7481,71,18,1431.33,994.63,0,-0.0106583,0,1,0,0,0,7,60,4,1438.23,995.98,0
17.7533,78,18,1445.12,997.33,0,-0.0103884,0,1,0,64,0.05,7,60,4,1302.04,1284.14,1.63
17.7541,79,19,1592.97,1116.6,7.60535,1.06577,0,1,1,96,0.2,7,60,4,1831.28,1755.87,5.46
17.7644,93,19,1490.23,1006.13,0,0,0,0,0,0,0,7,60,0,2068.02,1881.84,7.38
17.7659,95,26,1265.45,1300.89,1.06,2.87368,0,0,0,0,0,7,60,0,1418.07,805.78,0
17.7667,96,19,1584.83,1102.04,2.71086,1.01623,0,1,1,32,0.15,7,60,4,1199.13,1394.32,2.52
17.7704,101,10,1418.07,805.78,0,0,0,0,0,0,0,7,60,0,1730.82,941.03,0
17.7807,115,21,2067.44,1049.31,3.44773,1.47025,0,1,0,0,0,7,60,4,1462.3,1001.73,0
17.7815,116,28,1699.74,1279.44,3.14,2.8513,0,0,0,0,0,7,60,0,1883.32,2073.45,3.45
17.7896,127,46,2321.23,1878.77,0,-0.00849818,0,1,0,0,0,7,60,4,1306.5,1279.58,3.63
17.7911,129,19,1459.93,998.13,0,0,0,0,0,0,0,7,60,0,2293.85,1157.33,6.71
17.7919,130,45,2081.87,1871.4,8.12396,-3.14854,0,1,0,0,0,7,60,4,1889.54,1889.77,3.34
17.8022,9,27,1496.82,1359.43,3.07,2.79505,0,0,0,0,0,7,60,0,1742.39,958.375,0
17.8037,11,12,1846.87,870.301,16.34,2.61842,0,0,0,0,0,7,60,0,1275.88,1298.01,0
17.8133,24,28,1714.52,1274.48,2.79461,2.79655,0,1,0,0,0,7,60,4,2293.25,1877.18,0
17.8148,26,27,1492.2,1357.69,5.85,2.79604,0,0,0,0,0,7,60,0,1977.4,2223.06,6.51
17.817,29,27,1655.34,1229.89,6.66535,1.09694,0,1,1,32,0.15,7,60,4,1560.48,1579.01,5.46
17.8348,53,20,1724.98,976.04,0,-0.00613786,0,1,1,32,0.15,7,60,4,1224.92,2102.79,6.23
17.837,56,20,1785.49,1041.14,0,-0.00602123,0,1,1,32,0.15,7,60,4,1659.51,1229.59,4.79
17.84,60,19,1497.15,1007.14,0,0,0,0,0,0,0,7,60,0,1604.05,1795.2,5.32
17.8437,65,20,1719.13,979.98,0,0,0,0,0,0,0,7,60,0,1431.33,994.63,0
17.8481,71,18,1431.33,994.63,0,-0.00543995,0,1,0,0,0,7,60,4,1438.23,995.98,0
17.8533,78,18,1445.12,997.33,0,-0.00516799,0,1,0,64,0.05,7,60,4,1302.2,1284.09,1.63
17.8541,79,19,1593.28,1117.17,7.61684,1.07099,0,1,1,96,0.2,7,60,4,1831.18,1755.34,5.46
17.8644,93,19,1490.23,1006.13,0,0,0,0,0,0,0,7,60,0,2068.76,1881.83,7.38
17.8659,95,26,1265.34,1300.92,1.06,2.87368,0,0,0,0,0,7,60,0,1418.07,805.78,0
17.8667,96,19,1584.95,1102.24,2.71498,1.02146,0,1,1,32,0.15,7,60,4,1199.17,1394.08,2.52
17.8704,101,10,1418.07,805.78,0,0,0,0,0,0,0,7,60,0,1730.82,941.03,0
17.8807,115,21,2067.47,1049.61,3.45299,1.47548,0,1,0,0,0,7,60,4,1462.3,1001.73,0
17.8815,116,28,1699.43,1279.53,3.14,2.8513,0,0,0,0,0,7,60,0,1883.27,2073.11,3.45
17.8896,127,46,2321.23,1878.77,0,-0.00326595,0,1,0,0,0,7,60,4,1306.85,1279.49,3.63
17.8911,129,19,1459.93,998.13,0,0,0,0,0,0,0,7,60,0,2293.18,1157.43,6.71
17.8919,130,45,2081.17,1871.4,8.13642,-3.1433,0,1,0,0,0,7,60,4,1889.21,1889.83,3.34
17.9022,9,27,1496.53,1359.53,3.07,2.79505,0,0,0,0,0,7,60,0,1742.39,958.375,0
17.9037,11,12,1845.46,871.118,16.34,2.61842,0,0,0,0,0,7,60,0,1275.88,1298.01,0
17.9133,24,28,1714.29,1274.56,2.79893,2.80179,0,1,0,0,0,7,60,4,2293.25,1877.18,0
17.9148,26,27,1491.65,1357.89,5.85,2.79604,0,0,0,0,0,7,60,0,1976.75,2223.1,6.51
17.917,29,27,1655.59,1230.4,6.67567,1.10218,0,1,1,32,0.15,7,60,4,1560.77,1578.55,5.46
17.9348,53,20,1724.98,976.04,0,-0.000894209,0,1,1,32,0.15,7,60,4,1225,2103.41,6.23
17.937,56,20,1785.49,1041.14,0,-0.000777882,0,1,1,32,0.15,7,60,4,1659.29,1229.17,4.79
17.94,60,19,1497.15,1007.14,0,0,0,0,0,0,0,7,60,0,1604.16,1795.73,5.32
17.9437,65,20,1719.13,979.98,0,0,0,0,0,0,0,7,60,0,1431.33,994.63,0
17.9481,71,18,1431.33,994.63,0,-0.000194225,0,1,0,0,0,7,60,4,1438.23,995.98,0
17.9533,78,18,1445.12,997.33,0,7.77288e-05,0,1,0,64,0.05,7,60,4,1302.35,1284.05,1.63
17.9541,79,19,1593.59,1117.75,7.6288,1.07624,0,1,1,96,0.2,7,60,4,1831.09,1754.8,5.46
17.9644,93,19,1490.23,1006.13,0,0,0,0,0,0,0,7,60,0,2069.5,1881.81,7.38
17.9659,95,26,1265.24,1300.95,1.06,2.87368,0,0,0,0,0,7,60,0,1418.07,805.78,0
17.9667,96,19,1585.07,1102.44,2.71926,1.0267,0,1,1,32,0.15,7,60,4,1199.21,1393.83,2.52
17.9704,101,10,1418.07,805.78,0,0,0,0,0,0,0,7,60,0,1730.82,941.03,0
17.9807,115,21,2067.49,1049.9,3.45846,1.48073,0,1,0,0,0,7,60,4,1462.3,1001.73,0
17.9815,116,28,1699.13,1279.62,3.14,2.8513,0,0,0,0,0,7,60,0,1883.21,2072.77,3.45
17.9896,127,46,2321.23,1878.77,0,0.00198296,0,1,0,0,0,7,60,4,1307.2,1279.39,3.63
17.9911,129,19,1459.93,998.13,0,0,0,0,0,0,0,7,60,0,2292.52,1157.54,6.71
17.9919,130,45,2080.48,1871.4,8.14937,-3.13805,0,1,0,0,0,7,60,4,1888.88,1889.89,3.34
18.0022,9,27,1496.25,1359.63,4.11,2.79365,10.4,0,1,4,0.1,7,60,0,1742.39,958.375,0
18.0037,11,12,1844.07,871.92,16.29,2.61825,-0.5,0,0,0,0,7,60,0,1275.88,1298.01,0.72
18.0133,24,28,1714.06,1274.64,3.16705,2.80185,3.1,1,0,0,0,7,60,4,2293.25,1877.18,0
18.0148,26,27,1491.09,1358.14,8.26,2.42762,24.1,0,1,6,0.2,7,60,0,1976.08,2223.15,8.15
18.017,29,27,1655.86,1230.93,9.17326,1.10714,21.2,1,1,36,0.25,7,60,4,1561.04,1578.28,7.96
18.0348,53,20,1724.98,976.04,0,0.00435314,0,1,1,32,0.15,7,60,4,1225.09,2104.09,7.91
18.037,56,20,1785.49,1041.14,0,0.00446928,0,1,1,32,0.15,7,60,4,1659.04,1228.67,6.94
18.04,60,19,1497.15,1007.14,0,0,0,0,0,0,0,7,60,0,1604.27,1796.31,6.92
18.0437,65,20,1719.13,979.98,0,0,0,0,0,0,0,7,60,0,1431.33,994.63,0
18.0481,71,18,1431.33,994.63,0,0.00505177,0,1,0,0,0,7,60,4,1438.23,995.98,0
18.0533,78,18,1445.12,997.33,0,0.00532307,0,1,0,64,0.05,7,60,4,1302.6,1283.98,3.39
18.0541,79,19,1593.93,1118.38,9.66009,1.08362,17.2,1,1,100,0.3,7,60,4,1830.98,1754.19,6.77
18.0644,93,19,1490.23,1006.13,0,0,0,0,0,0,0,7,60,0,2070.09,1881.79,5.1
18.0659,95,26,1265.07,1301,2.19,2.86894,11.3,0,1,4,0.1,7,60,0,1418.07,805.78,0
18.0667,96,19,1585.22,1102.68,3.70987,1.03261,8.4,1,1,36,0.25,7,60,4,1199.26,1393.51,3.6
18.0704,101,10,1418.07,805.78,0,0,0,0,0,0,0,7,60,0,1730.82,941.03,0
18.0807,115,21,2067.53,1050.28,4.69714,1.48509,10.5,1,1,4,0.1,7,60,4,1462.3,1001.73,0
18.0815,116,28,1698.77,1279.73,3.99,2.85017,8.5,0,1,4,0.1,7,60,0,1883.14,2072.34,4.63
18.0896,127,46,2321.23,1878.77,0,0.00722216,0,1,0,0,0,7,60,4,1307.68,1279.23,5.32
18.0911,129,19,1459.93,998.13,0,0,0,0,0,0,0,7,60,0,2291.68,1157.67,8.65
18.0919,130,45,2079.65,1871.41,9.85409,3.13336,14.4,1,1,4,0.1,7,60,4,1888.39,1889.98,5.17
18.1022,9,27,1495.87,1359.77,4.11,2.79365,0,0,0,0,0,7,60,0,1742.39,958.375,0
18.1037,11,12,1842.66,872.734,16.29,2.61825,0,0,0,0,0,7,60,0,1275.81,1298.03,0.72
18.1133,24,28,1713.81,1274.73,3.17231,2.80708,0,1,0,0,0,7,60,4,2293.25,1877.18,0
18.1148,26,27,1490.46,1358.68,8.26,2.42762,0,0,0,0,0,7,60,0,1975.27,2223.21,8.15
18.117,29,27,1656.21,1231.63,9.18851,1.11237,0,1,1,32,0.15,7,60,4,1561.8,1578.03,7.96
18.137,56,20,1785.49,1041.14,0,0.00969472,0,1,0,0,0,7,60,4,1658.73,1228.05,6.94
18.14,60,19,1497.15,1007.14,0,0,0,0,0,0,0,7,60,0,1604.41,1796.99,6.92
18.1437,65,20,1719.13,979.98,0,0,0,0,0,0,0,7,60,0,1431.33,994.63,0
18.1481,71,18,1431.33,994.63,0,0.010273,0,1,0,0,0,7,60,4,1438.23,995.98,0
18.1533,78,18,1445.12,997.33,0,0.010543,0,1,0,64,0.05,7,60,4,1302.93,1283.89,3.39
18.1541,79,19,1594.32,1119.11,9.67635,1.08884,0,1,1,224,0.3,7,60,4,1830.85,1753.53,6.77
18.1644,93,19,1490.23,1006.13,0,0,0,0,0,0,0,7,60,0,2070.6,1881.78,5.1
18.1659,95,26,1264.86,1301.06,2.19,2.86894,0,0,0,0,0,7,60,0,1418.07,805.78,0
18.1667,96,19,1585.38,1102.95,3.71614,1.03782,0,1,1,32,0.15,7,60,4,1199.32,1393.15,3.6
18.1704,101,10,1418.07,805.78,0,0,0,0,0,0,0,7,60,0,1730.82,941.03,0
18.1807,115,21,2067.57,1050.68,4.70512,1.49029,0,1,0,0,0,7,60,4,1462.3,1001.73,0
18.1815,116,28,1698.38,1279.84,3.99,2.85017,0,0,0,0,0,7,60,0,1883.06,2071.88,4.63
18.1896,127,46,2321.23,1878.77,0,0.012426,0,1,0,0,0,7,60,4,1308.19,1279.06,5.32
18.1911,129,19,1459.93,998.13,0,0,0,0,0,0,0,7,60,0,2290.83,1157.81,8.65
18.1919,130,45,2078.81,1871.43,9.87087,3.13857,0,1,0,0,0,7,60,4,1887.88,1890.08,5.17
18.2022,9,27,1495.48,1359.91,4.11,2.79365,0,0,0,0,0,7,60,0,1742.39,958.375,0
18.2037,11,12,1841.25,873.548,16.29,2.61825,0,0,0,0,0,7,60,0,1275.74,1298.05,0.72
18.2133,24,28,1713.55,1274.82,3.17775,2.81227,0,1,0,0,0,7,60,4,2293.25,1877.18,0
18.2148,26,27,1489.84,1359.22,8.26,2.42762,0,0,0,0,0,7,60,0,1974.45,2223.26,8.15
18.217,29,27,1656.56,1232.33,9.20429,1.11756,0,1,1,32,0.15,7,60,4,1562.55,1577.78,7.96
18.237,56,20,1785.49,1041.14,0,0.0149049,0,1,0,0,0,7,60,4,1658.41,1227.43,6.94
18.24,60,19,1497.15,1007.14,0,0,0,0,0,0,0,7,60,0,1604.54,1797.67,6.92
18.2437,65,20,1719.13,979.98,0,0,0,0,0,0,0,7,60,0,1431.33,994.63,0
18.2481,71,18,1431.33,994.63,0,0.0154444,0,1,0,0,0,7,60,4,1438.23,995.98,0
18.2533,78,18,1445.12,997.33,0,0.0157104,0,1,0,64,0.05,7,60,4,1303.25,1283.8,3.39
18.2541,79,19,1594.71,1119.83,9.69316,1.09401,0,1,1,96,0.2,7,60,4,1830.73,1752.86,6.77
18.2644,93,19,1490.23,1006.13,0,0,0,0,0,0,0,7,60,0,2071.11,1881.77,5.1
18.2659,95,26,1264.65,1301.12,2.19,2.86894,0,0,0,0,0,7,60,0,1418.07,805.78,0
18.2667,96,19,1585.55,1103.22,3.72262,1.04298,0,1,1,32,0.15,7,60,4,1199.38,1392.8,3.6
18.2704,101,10,1418.07,805.78,0,0,0,0,0,0,0,7,60,0,1730.82,941.03,0
18.2807,115,21,2067.6,1051.08,4.71336,1.49544,0,1,0,0,0,7,60,4,1462.3,1001.73,0
18.2815,116,28,1698,1279.96,3.99,2.85017,0,0,0,0,0,7,60,0,1882.98,2071.43,4.63
18.2896,127,46,2321.23,1878.77,0,0.0175683,0,1,0,0,0,7,60,4,1308.69,1278.89,5.32
18.2911,129,19,1459.93,998.13,0,0,0,0,0,0,0,7,60,0,2289.97,1157.94,8.65
18.2919,130,45,2077.97,1871.44,9.88822,3.14371,0,1,0,0,0,7,60,4,1887.37,1890.17,5.17
18.3022,9,27,1495.09,1360.05,4.11,2.79365,0,0,0,0,0,7,60,0,1742.39,958.375,0
18.3037,11,12,1839.83,874.363,16.29,2.61825,0,0,0,0,0,7,60,0,1275.67,1298.07,0.72
18.3133,24,28,1713.3,1274.92,3.18337,2.8174,0,1,0,0,0,7,60,4,2293.25,1877.18,0
18.3148,26,27,1489.21,1359.76,8.26,2.42762,0,0,0,0,0,7,60,0,1973.64,2223.32,8.15
18.317,29,27,1656.92,1233.02,9.22058,1.12268,0,1,1,32,0.15,7,60,4,1563.31,1577.53,7.96
18.337,56,20,1785.49,1041.14,0,0.0199777,0,1,0,0,0,7,60,4,1658.1,1226.81,6.94
18.34,60,19,1497.15,1007.14,0,0,0,0,0,0,0,7,60,0,1604.68,1798.35,6.92
18.3437,65,20,1719.13,979.98,0,0,0,0,0,0,0,7,60,0,1431.33,994.63,0
18.3481,71,18,1431.33,994.63,0,0.0205395,0,1,0,0,0,7,60,4,1438.23,995.98,0
18.3533,78,18,1445.12,997.33,0,0.0208016,0,1,0,64,0.05,7,60,4,1303.58,1283.71,3.39
18.3541,79,19,1595.1,1120.56,9.7105,1.0991,0,1,1,96,0.2,7,60,4,1830.61,1752.19,6.77
18.3644,93,19,1490.23,1006.13,0,0,0,0,0,0,0,7,60,0,2071.62,1881.75,5.1
18.3659,95,26,1264.44,1301.18,2.19,2.86894,0,0,0,0,0,7,60,0,1418.07,805.78,0
18.3667,96,19,1585.71,1103.49,3.72931,1.04806,0,1,1,32,0.15,7,60,4,1199.45,1392.44,3.6
18.3704,101,10,1418.07,805.78,0,0,0,0,0,0,0,7,60,0,1730.82,941.03,0
18.3807,115,21,2067.64,1051.47,4.72185,1.50051,0,1,0,0,0,7,60,4,1462.3,1001.73,0
18.3815,116,28,1697.62,1280.07,3.99,2.85017,0,0,0,0,0,7,60,0,1882.9,2070.97,4.63
18.3896,127,46,2321.23,1878.77,0,0.0226252,0,1,0,0,0,7,60,4,1309.2,1278.73,5.32
18.3911,129,19,1459.93,998.13,0,0,0,0,0,0,0,7,60,0,2289.12,1158.08,8.65
18.3919,130,45,2077.13,1871.45,9.9061,3.14876,0,1,0,0,0,7,60,4,1886.86,1890.27,5.17
18.4022,9,27,1494.71,1360.19,4.11,2.79365,0,0,0,0,0,7,60,0,1742.39,958.375,0
18.4037,11,12,1838.42,875.177,16.29,2.61825,0,0,0,0,0,7,60,0,1275.6,1298.09,0.72
18.4133,24,28,1713.05,1275.01,3.18916,2.82243,0,1,0,0,0,7,60,4,2293.25,1877.18,0
18.4148,26,27,1488.59,1360.3,8.26,2.42762,0,0,0,0,0,7,60,0,1972.83,2223.38,8.15
18.417,29,27,1657.27,1233.72,9.23737,1.12771,0,1,1,32,0.15,7,60,4,1564.06,1577.28,7.96
18.437,56,20,1785.49,1041.14,0,0.0249853,0,1,0,0,0,7,60,4,1657.79,1226.19,6.94
18.44,60,19,1497.15,1007.14,0,0,0,0,0,0,0,7,60,0,1604.81,1799.02,6.92
18.4437,65,20,1719.13,979.98,0,0,0,0,0,0,0,7,60,0,1431.33,994.63,0
18.4481,71,18,1431.33,994.63,0,0.0255347,0,1,0,0,0,7,60,4,1438.23,995.98,0
18.4533,78,18,1445.12,997.33,0,0.0257902,0,1,0,64,0.05,7,60,4,1303.91,1283.62,3.39
18.4541,79,19,1595.49,1121.28,9.72836,1.10409,0,1,1,96,0.2,7,60,4,1830.49,1751.53,6.77
18.4644,93,19,1490.23,1006.13,0,0,0,0,0,0,0,7,60,0,2072.13,1881.74,5.1
18.4659,95,26,1264.23,1301.23,2.19,2.86894,0,0,0,0,0,7,60,0,1418.07,805.78,0
18.4667,96,19,1585.87,1103.76,3.73619,1.05303,0,1,1,32,0.15,7,60,4,1199.51,1392.09,3.6
18.4704,101,10,1418.07,805.78,0,0,0,0,0,0,0,7,60,0,1730.82,941.03,0
18.4807,115,21,2067.68,1051.87,4.7306,1.50547,0,1,0,0,0,7,60,4,1462.3,1001.73,0
18.4815,116,28,1697.24,1280.19,3.99,2.85017,0,0,0,0,0,7,60,0,1882.82,2070.51,4.63
18.4896,127,46,2321.23,1878.77,0,0.0275712,0,1,0,0,0,7,60,4,1309.7,1278.56,5.32
18.4911,129,19,1459.93,998.13,0,0,0,0,0,0,0,7,60,0,2288.27,1158.22,8.65
18.4919,130,45,2076.29,1871.46,9.9245,3.1537,0,1,0,0,0,7,60,4,1886.35,1890.36,5.17
18.5022,9,27,1494.32,1360.33,4.11,2.79365,0,0,0,0,0,7,60,0,1742.39,958.375,0
18.5037,11,12,1837.01,875.991,16.29,2.61825,0,0,0,0,0,7,60,0,1275.53,1298.11,0.72
18.5133,24,28,1712.79,1275.1,3.19512,2.82735,0,1,0,0,0,7,60,4,2293.25,1877.18,0
18.5148,26,27,1487.97,1360.84,8.26,2.42762,0,0,0,0,0,7,60,0,1972.01,2223.43,8.15
18.517,29,27,1657.62,1234.42,9.25465,1.13262,0,1,1,32,0.15,7,60,4,1564.82,1577.03,7.96
18.537,56,20,1785.49,1041.14,0,0.0298704,0,1,0,0,0,7,60,4,1657.47,1225.57,6.94
18.54,60,19,1497.15,1007.14,0,0,0,0,0,0,0,7,60,0,1604.95,1799.7,6.92
18.5437,65,20,1719.13,979.98,0,0,0,0,0,0,0,7,60,0,1431.33,994.63,0
18.5481,71,18,1431.33,994.63,0,0.0304041,0,1,0,0,0,7,60,4,1438.23,995.98,0
18.5533,78,18,1445.12,997.33,0,0.0306531,0,1,0,64,0.05,7,60,4,1304.23,1283.53,3.39
18.5541,79,19,1595.88,1122.01,9.74673,1.10895,0,1,1,96,0.2,7,60,4,1830.37,1750.86,6.77
18.5644,93,19,1490.23,1006.13,0,0,0,0,0,0,0,7,60,0,2072.64,1881.73,5.1
18.5659,95,26,1264.02,1301.29,2.19,2.86894,0,0,0,0,0,7,60,0,1418.07,805.78,0
18.5667,96,19,1586.04,1104.03,3.74327,1.05788,0,1,1,32,0.15,7,60,4,1199.57,1391.73,3.6
18.5704,101,10,1418.07,805.78,0,0,0,0,0,0,0,7,60,0,1730.82,941.03,0
18.5807,115,21,2067.71,1052.27,4.73959,1.51029,0,1,0,0,0,7,60,4,1462.3,1001.73,0
18.5815,116,28,1696.86,1280.3,3.99,2.85017,0,0,0,0,0,7,60,0,1882.74,2070.06,4.63
18.5896,127,46,2321.23,1878.77,0,0.0323823,0,1,0,0,0,7,60,4,1310.21,1278.39,5.32
18.5911,129,19,1459.93,998.13,0,0,0,0,0,0,0,7,60,0,2287.41,1158.35,8.65
18.5919,130,45,2075.46,1871.48,9.94342,3.15851,0,1,0,0,0,7,60,4,1885.84,1890.45,5.17
18.6022,9,27,1493.93,1360.47,4.11,2.79365,0,0,0,0,0,7,60,0,1742.39,958.375,0
18.6037,11,12,1835.6,876.805,16.29,2.61825,0,0,0,0,0,7,60,0,1275.46,1298.13,0.72
18.6133,24,28,1712.54,1275.19,3.20124,2.83212,0,1,0,0,0,7,60,4,2293.25,1877.18,0
18.6148,26,27,1487.34,1361.39,8.26,2.42762,0,0,0,0,0,7,60,0,1971.2,2223.49,8.15
18.617,29,27,1657.97,1235.12,9.27239,1.13739,0,1,1,32,0.15,7,60,4,1565.58,1576.78,7.96
18.637,56,20,1785.49,1041.14,0,0.034609,0,1,0,0,0,7,60,4,1657.16,1224.95,6.94
18.64,60,19,1497.15,1007.14,0,0,0,0,0,0,0,7,60,0,1605.08,1800.38,6.92
18.6437,65,20,1719.13,979.98,0,0,0,0,0,0,0,7,60,0,1431.33,994.63,0
18.6481,71,18,1431.33,994.63,0,0.035125,0,1,0,0,0,7,60,4,1438.23,995.98,0
18.6533,78,18,1445.12,997.33,0,0.0353656,0,1,0,64,0.05,7,60,4,1304.56,1283.44,3.39
18.6541,79,19,1596.27,1122.73,9.76558,1.11366,0,1,1,96,0.2,7,60,4,1830.25,1750.2,6.77
18.6644,93,19,1490.23,1006.13,0,0,0,0,0,0,0,7,60,0,2073.15,1881.71,5.1
18.6659,95,26,1263.81,1301.35,2.19,2.86894,0,0,0,0,0,7,60,0,1418.07,805.78,0
18.6667,96,19,1586.2,1104.3,3.75053,1.06257,0,1,1,32,0.15,7,60,4,1199.63,1391.38,3.6
18.6704,101,10,1418.07,805.78,0,0,0,0,0,0,0,7,60,0,1730.82,941.03,0
18.6807,115,21,2067.75,1052.67,4.74881,1.51496,0,1,0,0,0,7,60,4,1462.3,1001.73,0
18.6815,116,28,1696.47,1280.42,3.99,2.85017,0,0,0,0,0,7,60,0,1882.66,2069.6,4.63
18.6896,127,46,2321.23,1878.77,0,0.0370341,0,1,0,0,0,7,60,4,1310.71,1278.22,5.32
18.6911,129,19,1459.93,998.13,0,0,0,0,0,0,0,7,60,0,2286.56,1158.49,8.65
18.6919,130,45,2074.62,1871.49,9.96282,3.16316,0,1,0,0,0,7,60,4,1885.34,1890.55,5.17
18.7022,9,27,1493.55,1360.61,4.11,2.79365,0,0,0,0,0,7,60,0,1742.39,958.375,0
18.7037,11,12,1834.19,877.619,16.29,2.61825,0,0,0,0,0,7,60,0,1275.39,1298.15,0.72
18.7133,24,28,1712.28,1275.28,3.20751,2.83673,0,1,0,0,0,7,60,4,2293.25,1877.18,0
18.7148,26,27,1486.72,1361.93,8.26,2.42762,0,0,0,0,0,7,60,0,1970.39,2223.55,8.15
18.717,29,27,1658.32,1235.82,9.29059,1.14199,0,1,1,32,0.15,7,60,4,1566.33,1576.53,7.96
18.737,56,20,1785.49,1041.14,0,0.0391779,0,1,0,0,0,7,60,4,1656.85,1224.33,6.94
18.74,60,19,1497.15,1007.14,0,0,0,0,0,0,0,7,60,0,1605.22,1801.06,6.92
18.7437,65,20,1719.13,979.98,0,0,0,0,0,0,0,7,60,0,1431.33,994.63,0
18.7481,71,18,1431.33,994.63,0,0.0396743,0,1,0,0,0,7,60,4,1438.23,995.98,0
18.7533,78,18,1445.12,997.33,0,0.0399048,0,1,0,64,0.05,7,60,4,1304.89,1283.35,3.39
18.7541,79,19,1596.65,1123.46,9.7849,1.1182,0,1,1,96,0.2,7,60,4,1830.13,1749.53,6.77
18.7644,93,19,1490.23,1006.13,0,0,0,0,0,0,0,7,60,0,2073.66,1881.7,5.1
18.7659,95,26,1263.59,1301.41,2.19,2.86894,0,0,0,0,0,7,60,0,1418.07,805.78,0
18.7667,96,19,1586.36,1104.57,3.75797,1.06708,0,1,1,32,0.15,7,60,4,1199.69,1391.03,3.6
18.7704,101,10,1418.07,805.78,0,0,0,0,0,0,0,7,60,0,1730.82,941.03,0
18.7807,115,21,2067.79,1053.07,4.75827,1.51945,0,1,0,0,0,7,60,4,1462.3,1001.73,0
18.7815,116,28,1696.09,1280.53,3.99,2.85017,0,0,0,0,0,7,60,0,1882.58,2069.14,4.63
18.7896,127,46,2321.23,1878.77,0,0.0415051,0,1,0,0,0,7,60,4,1311.22,1278.05,5.32
18.7911,129,19,1459.93,998.13,0,0,0,0,0,0,0,7,60,0,2285.7,1158.62,8.65
18.7919,130,45,2073.78,1871.5,9.98269,3.16763,0,1,0,0,0,7,60,4,1884.83,1890.64,5.17
18.8022,9,27,1493.16,1360.75,4.11,2.79365,0,0,0,0,0,7,60,0,1742.39,958.375,0
18.8037,11,12,1832.78,878.433,16.29,2.61825,0,0,0,0,0,7,60,0,1275.32,1298.17,0.72
18.8133,24,28,1712.03,1275.37,3.21394,2.84116,0,1,0,0,0,7,60,4,2293.25,1877.18,0
18.8148,26,27,1486.09,1362.47,8.26,2.42762,0,0,0,0,0,7,60,0,1969.57,2223.6,8.15
18.817,29,27,1658.68,1236.51,9.30922,1.14641,0,1,1,32,0.15,7,60,4,1567.09,1576.29,7.96
18.837,56,20,1785.49,1041.14,0,0.0435551,0,1,0,0,0,7,60,4,1656.54,1223.71,6.94
18.84,60,19,1497.15,1007.14,0,0,0,0,0,0,0,7,60,0,1605.35,1801.74,6.92
18.8437,65,20,1719.13,979.98,0,0,0,0,0,0,0,7,60,0,1431.33,994.63,0
18.8481,71,18,1431.33,994.63,0,0.0440288,0,1,0,0,0,7,60,4,1438.23,995.98,0
18.8533,78,18,1445.12,997.33,0,0.0442486,0,1,0,64,0.05,7,60,4,1305.21,1283.26,3.39
18.8541,79,19,1597.04,1124.18,9.80468,1.12254,0,1,1,96,0.2,7,60,4,1830.01,1748.86,6.77
18.8644,93,19,1490.23,1006.13,0,0,0,0,0,0,0,7,60,0,2074.17,1881.69,5.1
18.8659,95,26,1263.38,1301.47,2.19,2.86894,0,0,0,0,0,7,60,0,1418.07,805.78,0
18.8667,96,19,1586.53,1104.84,3.76558,1.0714,0,1,1,32,0.15,7,60,4,1199.76,1390.67,3.6
18.8704,101,10,1418.07,805.78,0,0,0,0,0,0,0,7,60,0,1730.82,941.03,0
18.8807,115,21,2067.83,1053.47,4.76793,1.52373,0,1,0,0,0,7,60,4,1462.3,1001.73,0
18.8896,127,46,2321.23,1878.77,0,0.0457728,0,1,0,0,0,7,60,4,1311.72,1277.89,5.32
18.8911,129,19,1459.93,998.13,0,0,0,0,0,0,0,7,60,0,2284.85,1158.76,8.65
18.8919,130,45,2072.94,1871.52,10.003,3.17189,0,1,0,0,0,7,60,4,1884.32,1890.74,5.17
18.9022,9,27,1492.77,1360.89,4.11,2.79365,0,0,0,0,0,7,60,0,1742.39,958.375,0
18.9037,11,12,1831.37,879.247,16.29,2.61825,0,0,0,0,0,7,60,0,1275.26,1298.19,0.72
18.9133,24,28,1711.77,1275.46,3.22051,2.84537,0,1,0,0,0,7,60,4,2293.25,1877.18,0
18.9148,26,27,1485.47,1363.01,8.26,2.42762,0,0,0,0,0,7,60,0,1968.76,2223.66,8.15
18.917,29,27,1659.03,1237.21,9.32827,1.15062,0,1,1,32,0.15,7,60,4,1567.84,1576.04,7.96
18.937,56,20,1785.49,1041.14,0,0.0477189,0,1,0,0,0,7,60,4,1656.22,1223.09,6.94
18.94,60,19,1497.15,1007.14,0,0,0,0,0,0,0,7,60,0,1605.49,1802.42,6.92
18.9437,65,20,1719.13,979.98,0,0,0,0,0,0,0,7,60,0,1431.33,994.63,0
18.9481,71,18,1431.33,994.63,0,0.0481676,0,1,0,0,0,7,60,4,1438.23,995.98,0
18.9533,78,18,1445.12,997.33,0,0.0483757,0,1,0,64,0.05,7,60,4,1305.54,1283.16,3.39
18.9541,79,19,1597.43,1124.91,9.82489,1.12666,0,1,1,96,0.2,7,60,4,1829.89,1748.2,6.77
18.9644,93,19,1490.23,1006.13,0,0,0,0,0,0,0,7,60,0,2074.68,1881.67,5.1
18.9659,95,26,1263.17,1301.53,2.19,2.86894,0,0,0,0,0,7,60,0,1418.07,805.78,0
18.9667,96,19,1586.69,1105.11,3.77336,1.0755,0,1,1,32,0.15,7,60,4,1199.82,1390.32,3.6
18.9704,101,10,1418.07,805.78,0,0,0,0,0,0,0,7,60,0,1730.82,941.03,0
18.9807,115,21,2067.86,1053.86,4.77781,1.5278,0,1,0,0,0,7,60,4,1462.3,1001.73,0
18.9896,127,46,2321.23,1878.77,0,0.0498163,0,1,0,0,0,7,60,4,1312.23,1277.72,5.32
18.9911,129,19,1459.93,998.13,0,0,0,0,0,0,0,7,60,0,2283.99,1158.89,8.65
18.9919,130,45,2072.1,1871.53,10.0238,3.17593,0,1,0,0,0,7,60,4,1883.81,1890.83,5.17
19.0022,9,27,1492.39,1361.03,4.35,2.79517,2.4,0,0,0,0,7,60,0,1742.39,958.375,0
19.0037,11,12,1829.98,880.05,16.37,2.61827,0.8,0,0,0,0,7,60,0,1275.18,1298.21,1.74
19.0133,24,28,1711.5,1275.56,5.27113,2.84824,17.1,1,1,4,0.1,7,60,4,2293.25,1877.18,0
19.0148,26,27,1484.8,1363.52,10.19,2.77489,19.3,0,1,6,0.2,7,60,0,1967.92,2223.72,10.25
19.017,29,27,1659.39,1237.93,11.2484,1.1528,15.9,1,1,164,0.35,7,60,4,1568.46,1575.87,8
19.037,56,20,1785.49,1041.14,0,0.051649,0,1,0,0,0,7,60,4,1655.89,1222.42,8.44
19.04,60,19,1497.15,1007.14,0,0,0,0,0,0,0,7,60,0,1605.64,1803.2,9.46
19.0437,65,20,1719.13,979.98,0,0,0,0,0,0,0,7,60,0,1431.33,994.63,0
19.0481,71,18,1431.33,994.63,0,0.0520705,0,1,0,0,0,7,60,4,1438.23,995.98,0
19.0533,78,18,1445.12,997.33,0,0.0522659,0,1,0,64,0.05,7,60,4,1305.85,1283.08,3.1
19.0541,79,19,1597.85,1125.69,11.7835,1.12846,16.2,1,1,228,0.4,7,60,4,1829.74,1747.41,9.02
19.0644,93,19,1490.23,1006.13,0,0,0,0,0,0,0,7,60,0,2075.14,1881.66,4.4
19.0659,95,26,1262.91,1301.6,2.96,2.87209,7.7,0,1,4,0.1,7,60,0,1418.07,805.78,0
19.0667,96,19,1586.89,1105.45,5.15741,1.11301,11.5,1,1,36,0.25,7,60,4,1199.89,1389.9,4.61
19.0704,101,10,1418.07,805.78,0,0,0,0,0,0,0,7,60,0,1730.82,941.03,0
19.0807,115,21,2067.91,1054.35,6.11653,1.53201,11.1,1,1,4,0.1,7,60,4,1462.3,1001.73,0
19.0896,127,46,2321.23,1878.77,0,0.0536154,0,1,0,0,0,7,60,4,1312.71,1277.54,5.43
19.0911,129,19,1459.93,998.13,0,0,0,0,0,0,0,7,60,0,2282.92,1159.06,11.07
19.0919,130,45,2071.18,1871.55,11.6373,3.17264,13.3,1,1,4,0.1,7,60,4,1883.14,1890.96,7.01
19.1022,9,27,1491.98,1361.18,4.35,2.79517,0,0,0,0,0,7,60,0,1742.39,958.375,0
19.1037,11,12,1828.56,880.868,16.37,2.61827,0,0,0,0,0,7,60,0,1275.01,1298.26,1.74
19.1133,24,28,1711.08,1275.71,5.28231,2.85197,0,1,0,0,0,7,60,4,2293.25,1877.18,0
19.1148,26,27,1483.85,1363.89,10.19,2.77489,0,0,0,0,0,7,60,0,1966.89,2223.78,10.25
19.117,29,27,1659.82,1238.77,11.2722,1.15653,0,1,0,0,0,7,60,4,1569.26,1575.84,8
19.137,56,20,1785.49,1041.14,0,0.0553261,0,1,0,0,0,7,60,4,1655.51,1221.67,8.44
19.14,60,19,1497.15,1007.14,0,0,0,0,0,0,0,7,60,0,1605.82,1804.13,9.46
19.1437,65,20,1719.13,979.98,0,0,0,0,0,0,0,7,60,0,1431.33,994.63,0
19.1481,71,18,1431.33,994.63,0,0.0557184,0,1,0,0,0,7,60,4,1438.23,995.98,0
19.1533,78,18,1445.12,997.33,0,0.0559001,0,1,0,64,0.05,7,60,4,1306.15,1283,3.1
19.1541,79,19,1598.32,1126.56,11.8087,1.13209,0,1,1,224,0.3,7,60,4,1829.58,1746.52,9.02
19.1644,93,19,1490.23,1006.13,0,0,0,0,0,0,0,7,60,0,2075.58,1881.65,4.4
19.1659,95,26,1262.63,1301.68,2.96,2.87209,0,0,0,0,0,7,60,0,1418.07,805.78,0
19.1667,96,19,1587.1,1105.83,5.16844,1.11661,0,1,1,32,0.15,7,60,4,1199.98,1389.44,4.61
19.1704,101,10,1418.07,805.78,0,0,0,0,0,0,0,7,60,0,1730.82,941.03,0
19.1807,115,21,2067.95,1054.86,6.12964,1.53557,0,1,0,0,0,7,60,4,1462.3,1001.73,0
19.1896,127,46,2321.23,1878.77,0,0.0571523,0,1,0,0,0,7,60,4,1313.22,1277.35,5.43
19.1911,129,19,1459.93,998.13,0,0,0,0,0,0,0,7,60,0,2281.83,1159.24,11.07
19.1919,130,45,2070.21,1871.57,11.6623,3.17617,0,1,0,0,0,7,60,4,1882.45,1891.09,7.01
19.2022,9,27,1491.57,1361.33,4.35,2.79517,0,0,0,0,0,7,60,0,1742.39,958.375,0
19.2037,11,12,1827.14,881.687,16.37,2.61827,0,0,0,0,0,7,60,0,1274.85,1298.3,1.74
19.2133,24,28,1710.67,1275.86,5.2937,2.85545,0,1,0,0,0,7,60,4,2293.25,1877.18,0
19.2148,26,27,1482.89,1364.25,10.19,2.77489,0,0,0,0,0,7,60,0,1965.87,2223.85,10.25
19.217,29,27,1660.24,1239.61,11.2965,1.15999,0,1,1,32,0.15,7,60,4,1570.06,1575.8,8
19.237,56,20,1785.49,1041.14,0,0.0587323,0,1,0,0,0,7,60,4,1655.13,1220.91,8.44
19.24,60,19,1497.15,1007.14,0,0,0,0,0,0,0,7,60,0,1606.01,1805.05,9.46
19.2437,65,20,1719.13,979.98,0,0,0,0,0,0,0,7,60,0,1431.33,994.63,0
19.2481,71,18,1431.33,994.63,0,0.0590934,0,1,0,0,0,7,60,4,1438.23,995.98,0
19.2533,78,18,1445.12,997.33,0,0.0592604,0,1,0,64,0.05,7,60,4,1306.45,1282.91,3.1
19.2541,79,19,1598.79,1127.42,11.8343,1.13545,0,1,1,224,0.3,7,60,4,1829.42,1745.64,9.02
19.2644,93,19,1490.23,1006.13,0,0,0,0,0,0,0,7,60,0,2076.02,1881.63,4.4
19.2659,95,26,1262.34,1301.76,2.96,2.87209,0,0,0,0,0,7,60,0,1418.07,805.78,0
19.2667,96,19,1587.31,1106.21,5.17968,1.11994,0,1,1,32,0.15,7,60,4,1200.06,1388.99,4.61
19.2704,101,10,1418.07,805.78,0,0,0,0,0,0,0,7,60,0,1730.82,941.03,0
19.2807,115,21,2068,1055.37,6.14299,1.53885,0,1,0,0,0,7,60,4,1462.3,1001.73,0
19.2896,127,46,2321.23,1878.77,0,0.0604092,0,1,0,0,0,7,60,4,1313.73,1277.17,5.43
19.2911,129,19,1459.93,998.13,0,0,0,0,0,0,0,7,60,0,2280.74,1159.41,11.07
19.2919,130,45,2069.23,1871.59,11.6878,3.17942,0,1,0,0,0,7,60,4,1881.76,1891.21,7.01
19.3022,9,27,1491.16,1361.48,4.35,2.79517,0,0,0,0,0,7,60,0,1742.39,958.375,0
19.3037,11,12,1825.72,882.505,16.37,2.61827,0,0,0,0,0,7,60,0,1274.68,1298.35,1.74
19.3133,24,28,1710.25,1276,5.30528,2.85863,0,1,0,0,0,7,60,4,2293.25,1877.18,0
19.3148,26,27,1481.94,1364.62,10.19,2.77489,0,0,0,0,0,7,60,0,1964.85,2223.91,10.25
19.317,29,27,1660.67,1240.45,11.3213,1.16317,0,1,1,32,0.15,7,60,4,1570.85,1575.76,8
19.337,56,20,1785.49,1041.14,0,0.0618508,0,1,0,0,0,7,60,4,1654.75,1220.16,8.44
19.34,60,19,1497.15,1007.14,0,0,0,0,0,0,0,7,60,0,1606.19,1805.98,9.46
19.3437,65,20,1719.13,979.98,0,0,0,0,0,0,0,7,60,0,1431.33,994.63,0
19.3481,71,18,1431.33,994.63,0,0.0621789,0,1,0,0,0,7,60,4,1438.23,995.98,0
19.3533,78,18,1445.12,997.33,0,0.0623306,0,1,0,64,0.05,7,60,4,1306.75,1282.83,3.1
19.3541,79,19,1599.26,1128.29,11.8603,1.13852,0,1,1,224,0.3,7,60,4,1829.26,1744.75,9.02
19.3644,93,19,1490.23,1006.13,0,0,0,0,0,0,0,7,60,0,2076.46,1881.62,4.4
19.3659,95,26,1262.06,1301.84,2.96,2.87209,0,0,0,0,0,7,60,0,1418.07,805.78,0
19.3667,96,19,1587.52,1106.58,5.1911,1.12297,0,1,1,32,0.15,7,60,4,1200.15,1388.54,4.61
19.3704,101,10,1418.07,805.78,0,0,0,0,0,0,0,7,60,0,1730.82,941.03,0
19.3807,115,21,2068.05,1055.88,6.15656,1.54184,0,1,0,0,0,7,60,4,1462.3,1001.73,0
19.3896,127,46,2321.23,1878.77,0,0.0633703,0,1,0,0,0,7,60,4,1314.24,1276.98,5.43
19.3911,129,19,1459.93,998.13,0,0,0,0,0,0,0,7,60,0,2279.64,1159.58,11.07
19.3919,130,45,2068.26,1871.62,11.7136,3.18237,0,1,0,0,0,7,60,4,1881.07,1891.34,7.01
19.4022,9,27,1490.75,1361.62,4.35,2.79517,0,0,0,0,0,7,60,0,1742.39,958.375,0
19.4037,11,12,1824.31,883.323,16.37,2.61827,0,0,0,0,0,7,60,0,1274.51,1298.39,1.74
19.4133,24,28,1709.84,1276.15,5.31705,2.86152,0,1,0,0,0,7,60,4,2293.25,1877.18,0
19.4148,26,27,1480.99,1364.98,10.19,2.77489,0,0,0,0,0,7,60,0,1963.83,2223.97,10.25
19.417,29,27,1661.09,1241.29,11.3464,1.16605,0,1,1,32,0.15,7,60,4,1571.65,1575.73,8
19.437,56,20,1785.49,1041.14,0,0.0646663,0,1,0,0,0,7,60,4,1654.38,1219.4,8.44
19.44,60,19,1497.15,1007.14,0,0,0,0,0,0,0,7,60,0,1606.38,1806.91,9.46
19.4437,65,20,1719.13,979.98,0,0,0,0,0,0,0,7,60,0,1431.33,994.63,0
19.4481,71,18,1431.33,994.63,0,0.0649599,0,1,0,0,0,7,60,4,1438.23,995.98,0
19.4533,78,18,1445.12,997.33,0,0.0650954,0,1,0,64,0.05,7,60,4,1307.05,1282.75,3.1
19.4541,79,19,1599.72,1129.16,11.8868,1.14128,0,1,1,224,0.3,7,60,4,1829.1,1743.86,9.02
19.4644,93,19,1490.23,1006.13,0,0,0,0,0,0,0,7,60,0,2076.9,1881.6,4.4
19.4659,95,26,1261.77,1301.92,2.96,2.87209,0,0,0,0,0,7,60,0,1418.07,805.78,0
19.4667,96,19,1587.73,1106.96,5.20269,1.12569,0,1,1,32,0.15,7,60,4,1200.23,1388.08,4.61
19.4704,101,10,1418.07,805.78,0,0,0,0,0,0,0,7,60,0,1730.82,941.03,0
19.4807,115,21,2068.1,1056.39,6.17034,1.54452,0,1,0,0,0,7,60,4,1462.3,1001.73,0
19.4896,127,46,2321.23,1878.77,0,0.0660206,0,1,0,0,0,7,60,4,1314.74,1276.79,5.43
19.4911,129,19,1459.93,998.13,0,0,0,0,0,0,0,7,60,0,2278.55,1159.75,11.07
19.4919,130,45,2067.29,1871.64,11.7399,3.18502,0,1,0,0,0,7,60,4,1880.38,1891.47,7.01
19.5022,9,27,1490.35,1361.77,4.35,2.79517,0,0,0,0,0,7,60,0,1742.39,958.375,0
19.5037,11,12,1822.89,884.141,16.37,2.61827,0,0,0,0,0,7,60,0,1274.34,1298.44,1.74
19.5133,24,28,1709.42,1276.3,5.329,2.8641,0,1,0,0,0,7,60,4,2293.25,1877.18,0
19.5148,26,27,1480.04,1365.35,10.19,2.77489,0,0,0,0,0,7,60,0,1962.8,2224.04,10.25
19.517,29,27,1661.52,1242.13,11.3719,1.16861,0,1,1,32,0.15,7,60,4,1572.45,1575.69,8
19.537,56,20,1785.49,1041.14,0,0.0671651,0,1,0,0,0,7,60,4,1654,1218.65,8.44
19.54,60,19,1497.15,1007.14,0,0,0,0,0,0,0,7,60,0,1606.56,1807.84,9.46
19.5437,65,20,1719.13,979.98,0,0,0,0,0,0,0,7,60,0,1431.33,994.63,0
19.5481,71,18,1431.33,994.63,0,0.0674227,0,1,0,0,0,7,60,4,1438.23,995.98,0
19.5533,78,18,1445.12,997.33,0,0.0675414,0,1,0,64,0.05,7,60,4,1307.35,1282.67,3.1
19.5541,79,19,1600.19,1130.02,11.9136,1.14372,0,1,1,96,0.2,7,60,4,1828.94,1742.97,9.02
19.5644,93,19,1490.23,1006.13,0,0,0,0,0,0,0,7,60,0,2077.34,1881.59,4.4
19.5659,95,26,1261.49,1302,2.96,2.87209,0,0,0,0,0,7,60,0,1418.07,805.78,0
19.5667,96,19,1587.94,1107.33,5.21445,1.12809,0,1,1,32,0.15,7,60,4,1200.31,1387.63,4.61
19.5704,101,10,1418.07,805.78,0,0,0,0,0,0,0,7,60,0,1730.82,941.03,0
19.5807,115,21,2068.14,1056.9,6.18431,1.54687,0,1,0,0,0,7,60,4,1462.3,1001.73,0
19.5896,127,46,2321.23,1878.77,0,0.0683479,0,1,0,0,0,7,60,4,1315.25,1276.6,5.43
19.5911,129,19,1459.93,998.13,0,0,0,0,0,0,0,7,60,0,2277.45,1159.92,11.07
19.5919,130,45,2066.32,1871.66,11.7665,3.18734,0,1,0,0,0,7,60,4,1879.69,1891.6,7.01
19.6022,9,27,1489.94,1361.92,4.35,2.79517,0,0,0,0,0,7,60,0,1742.39,958.375,0
19.6037,11,12,1821.47,884.959,16.37,2.61827,0,0,0,0,0,7,60,0,1274.18,1298.48,1.74
19.6133,24,28,1709.01,1276.45,5.34111,2.86635,0,1,0,0,0,7,60,4,2293.25,1877.18,0
19.6148,26,27,1479.09,1365.72,10.19,2.77489,0,0,0,0,0,7,60,0,1961.78,2224.1,10.25
19.617,29,27,1661.94,1242.97,11.3978,1.17085,0,1,1,32,0.15,7,60,4,1573.25,1575.65,8
19.637,56,20,1785.49,1041.14,0,0.0693348,0,1,0,0,0,7,60,4,1653.62,1217.89,8.44
19.64,60,19,1497.15,1007.14,0,0,0,0,0,0,0,7,60,0,1606.74,1808.76,9.46
19.6437,65,20,1719.13,979.98,0,0,0,0,0,0,0,7,60,0,1431.33,994.63,0
19.6481,71,18,1431.33,994.63,0,0.0695551,0,1,0,0,0,7,60,4,1438.23,995.98,0
19.6533,78,18,1445.12,997.33,0,0.0696567,0,1,0,64,0.05,7,60,4,1307.65,1282.58,3.1
19.6541,79,19,1600.66,1130.89,11.9408,1.14584,0,1,1,96,0.2,7,60,4,1828.78,1742.09,9.02
19.6644,93,19,1490.23,1006.13,0,0,0,0,0,0,0,7,60,0,2077.78,1881.57,4.4
19.6659,95,26,1261.2,1302.07,2.96,2.87209,0,0,0,0,0,7,60,0,1418.07,805.78,0
19.6667,96,19,1588.15,1107.71,5.22637,1.13016,0,1,1,32,0.15,7,60,4,1200.4,1387.18,4.61
19.6704,101,10,1418.07,805.78,0,0,0,0,0,0,0,7,60,0,1730.82,941.03,0
19.6807,115,21,2068.19,1057.4,6.19847,1.5489,0,1,0,0,0,7,60,4,1462.3,1001.73,0
19.6896,127,46,2321.23,1878.77,0,0.0703404,0,1,0,0,0,7,60,4,1315.76,1276.41,5.43
19.6911,129,19,1459.93,998.13,0,0,0,0,0,0,0,7,60,0,2276.36,1160.1,11.07
19.6919,130,45,2065.35,1871.68,11.7934,3.18932,0,1,0,0,0,7,60,4,1879,1891.73,7.01
19.7022,9,27,1489.53,1362.07,4.35,2.79517,0,0,0,0,0,7,60,0,1742.39,958.375,0
19.7037,11,12,1820.05,885.777,16.37,2.61827,0,0,0,0,0,7,60,0,1274.01,1298.53,1.74
19.7133,24,28,1708.59,1276.6,5.35338,2.86826,0,1,0,0,0,7,60,4,2293.25,1877.18,0
19.7148,26,27,1478.14,1366.08,10.19,2.77489,0,0,0,0,0,7,60,0,1960.76,2224.17,10.25
19.717,29,27,1662.37,1243.81,11.4239,1.17274,0,1,1,32,0.15,7,60,4,1574.05,1575.61,8
19.737,56,20,1785.49,1041.14,0,0.071165,0,1,0,0,0,7,60,4,1653.24,1217.14,8.44
19.74,60,19,1497.15,1007.14,0,0,0,0,0,0,0,7,60,0,1606.93,1809.69,9.46
19.7437,65,20,1719.13,979.98,0,0,0,0,0,0,0,7,60,0,1431.33,994.63,0
19.7481,71,18,1431.33,994.63,0,0.071347,0,1,0,0,0,7,60,4,1438.23,995.98,0
19.7533,78,18,1445.12,997.33,0,0.0714306,0,1,0,64,0.05,7,60,4,1307.94,1282.5,3.1
19.7541,79,19,1601.13,1131.76,11.9683,1.14761,0,1,1,96,0.2,7,60,4,1828.62,1741.2,9.02
19.7644,93,19,1490.23,1006.13,0,0,0,0,0,0,0,7,60,0,2078.22,1881.56,4.4
19.7659,95,26,1260.92,1302.15,2.96,2.87209,0,0,0,0,0,7,60,0,1418.07,805.78,0
19.7667,96,19,1588.36,1108.09,5.23843,1.13189,0,1,1,32,0.15,7,60,4,1200.48,1386.72,4.61
19.7704,101,10,1418.07,805.78,0,0,0,0,0,0,0,7,60,0,1730.82,941.03,0
19.7807,115,21,2068.24,1057.91,6.21279,1.55057,0,1,0,0,0,7,60,4,1462.3,1001.73,0
19.7896,127,46,2321.23,1878.77,0,0.0719883,0,1,0,0,0,7,60,4,1316.27,1276.23,5.43
19.7911,129,19,1459.93,998.13,0,0,0,0,0,0,0,7,60,0,2275.27,1160.27,11.07
19.7919,130,45,2064.38,1871.7,11.8207,3.19096,0,1,0,0,0,7,60,4,1878.31,1891.86,7.01
19.8022,9,27,1489.12,1362.21,4.35,2.79517,0,0,0,0,0,7,60,0,1742.39,958.375,0
19.8037,11,12,1818.63,886.595,16.37,2.61827,0,0,0,0,0,7,60,0,1273.84,1298.58,1.74
19.8133,24,28,1708.18,1276.75,5.36578,2.86982,0,1,0,0,0,7,60,4,2293.25,1877.18,0
19.8148,26,27,1477.19,1366.45,10.19,2.77489,0,0,0,0,0,7,60,0,1959.73,2224.23,10.25
19.817,29,27,1662.79,1244.65,11.4504,1.1743,0,1,1,32,0.15,7,60,4,1574.85,1575.58,8
19.837,56,20,1785.49,1041.14,0,0.0726467,0,1,0,0,0,7,60,4,1652.87,1216.38,8.44
19.84,60,19,1497.15,1007.14,0,0,0,0,0,0,0,7,60,0,1607.11,1810.62,9.46
19.8437,65,20,1719.13,979.98,0,0,0,0,0,0,0,7,60,0,1431.33,994.63,0
19.8481,71,18,1431.33,994.63,0,0.0727895,0,1,0,0,0,7,60,4,1438.23,995.98,0
19.8533,78,18,1445.12,997.33,0,0.0728547,0,1,0,64,0.05,7,60,4,1308.24,1282.42,3.1
19.8541,79,19,1601.59,1132.62,11.9962,1.14903,0,1,1,96,0.2,7,60,4,1828.46,1740.31,9.02
19.8644,93,19,1490.23,1006.13,0,0,0,0,0,0,0,7,60,0,2078.66,1881.54,4.4
19.8659,95,26,1260.63,1302.23,2.96,2.87209,0,0,0,0,0,7,60,0,1418.07,805.78,0
19.8667,96,19,1588.57,1108.46,5.25063,1.13327,0,1,1,32,0.15,7,60,4,1200.57,1386.27,4.61
19.8704,101,10,1418.07,805.78,0,0,0,0,0,0,0,7,60,0,1730.82,941.03,0
19.8807,115,21,2068.28,1058.42,6.22728,1.5519,0,1,0,0,0,7,60,4,1462.3,1001.73,0
19.8896,127,46,2321.23,1878.77,0,0.0732835,0,1,0,0,0,7,60,4,1316.78,1276.04,5.43
19.8911,129,19,1459.93,998.13,0,0,0,0,0,0,0,7,60,0,2274.17,1160.44,11.07
19.8919,130,45,2063.4,1871.73,11.8483,3.19225,0,1,0,0,0,7,60,4,1877.62,1891.99,7.01
19.9022,9,27,1488.71,1362.36,4.35,2.79517,0,0,0,0,0,7,60,0,1742.39,958.375,0
19.9037,11,12,1817.22,887.413,16.37,2.61827,0,0,0,0,0,7,60,0,1273.67,1298.62,1.74
19.9133,24,28,1707.76,1276.9,5.37833,2.87103,0,1,0,0,0,7,60,4,2293.25,1877.18,0
19.9148,26,27,1476.24,1366.81,10.19,2.77489,0,0,0,0,0,7,60,0,1958.71,2224.29,10.25
19.917,29,27,1663.22,1245.49,11.4772,1.17549,0,1,1,32,0.15,7,60,4,1575.65,1575.54,8
19.937,56,20,1785.49,1041.14,0,0.0737725,0,1,0,0,0,7,60,4,1652.49,1215.63,8.44
19.94,60,19,1497.15,1007.14,0,0,0,0,0,0,0,7,60,0,1607.3,1811.55,9.46
19.9437,65,20,1719.13,979.98,0,0,0,0,0,0,0,7,60,0,1431.33,994.63,0
19.9481,71,18,1431.33,994.63,0,0.0738754,0,1,0,0,0,7,60,4,1438.23,995.98,0
19.9533,78,18,1445.12,997.33,0,0.073922,0,1,0,64,0.05,7,60,4,1308.54,1282.34,3.1
19.9541,79,19,1602.06,1133.49,12.0243,1.15009,0,1,1,96,0.2,7,60,4,1828.3,1739.42,9.02
19.9644,93,19,1490.23,1006.13,0,0,0,0,0,0,0,7,60,0,2079.1,1881.53,4.4
19.9659,95,26,1260.34,1302.31,2.96,2.87209,0,0,0,0,0,7,60,0,1418.07,805.78,0
19.9667,96,19,1588.78,1108.84,5.26295,1.13429,0,1,1,32,0.15,7,60,4,1200.65,1385.82,4.61
19.9704,101,10,1418.07,805.78,0,0,0,0,0,0,0,7,60,0,1730.82,941.03,0
19.9807,115,21,2068.33,1058.93,6.2419,1.55287,0,1,0,0,0,7,60,4,1462.3,1001.73,0
19.9896,127,46,2321.23,1878.77,0,0.0742199,0,1,0,0,0,7,60,4,1317.29,1275.85,0
19.9911,129,19,1459.93,998.13,0,0,0,0,0,0,0,7,60,0,2273.08,1160.61,11.07
19.9919,130,45,2062.43,1871.75,11.8762,3.19318,0,1,0,0,0,7,60,4,1876.93,1892.12,7.01
20.0022,9,27,1488.3,1362.51,5.5,2.7951,11.5,0,1,4,0.1,7,60,0,1742.39,958.375,0
20.0037,11,12,1815.82,888.221,16.56,2.61787,1.9,0,0,0,0,7,60,0,1273.5,1298.67,2.89
20.0133,24,28,1707.36,1277.04,5.46433,2.94696,0.6,1,1,2,0.1,7,60,4,2293.25,1877.18,0
20.0148,26,27,1475.26,1367.18,12.09,2.7951,19,0,1,4,0.1,7,60,0,1957.69,2224.36,10.01
20.017,29,27,1663.65,1246.34,13.2647,1.17662,14.4,1,1,36,0.25,7,60,4,1576.48,1575.5,10.13
20.037,56,20,1785.49,1041.14,0,0.0745371,0,1,0,0,0,7,60,4,1652.07,1214.8,10.72
20.04,60,19,1497.15,1007.14,0,0,0,0,0,0,0,7,60,0,1607.5,1812.57,11.77
20.0437,65,20,1719.13,979.98,0,0,0,0,0,0,0,7,60,0,1431.33,994.63,0
20.0481,71,18,1431.33,994.63,0,0.0745995,0,1,0,0,0,7,60,4,1438.23,995.98,0
20.0533,78,18,1445.12,997.33,0,0.0746271,0,1,0,64,0.05,7,60,4,1308.88,1282.23,3.89
20.0541,79,19,1602.57,1134.43,14.7569,1.15239,22.1,1,1,228,0.4,7,60,4,1828.12,1738.45,10.69
20.0644,93,19,1490.23,1006.13,0,0,0,0,0,0,0,7,60,0,2079.6,1881.5,5.38
20.0659,95,26,1259.99,1302.41,4.01,2.87118,10.5,0,1,4,0.1,7,60,0,1418.07,805.78,0
20.0667,96,19,1589.01,1109.25,6.1077,1.15128,6.8,1,1,36,0.25,7,60,4,1200.65,1385.31,5.35
20.0704,101,10,1418.07,805.78,0,0,0,0,0,0,0,7,60,0,1730.82,941.03,0
20.0807,115,21,2068.39,1059.49,7.08925,1.54521,6.8,1,1,4,0.1,7,60,4,1462.3,1001.73,0
20.0896,127,46,2321.23,1878.77,0,0.0747928,0,1,0,0,0,7,60,4,1317.95,1275.56,7.97
20.0911,129,19,1459.93,998.13,0,0,0,0,0,0,0,7,60,0,2271.76,1160.82,13.54
20.0919,130,45,2061.25,1871.77,14.7578,3.1948,23.3,1,1,4,0.1,7,60,4,1876.15,1892.26,8.09
20.1022,9,27,1487.78,1362.7,5.5,2.7951,0,0,0,0,0,7,60,0,1742.39,958.375,0
20.1037,11,12,1814.38,889.049,16.56,2.61787,0,0,0,0,0,7,60,0,1273.22,1298.75,2.89
20.1133,24,28,1706.93,1277.15,5.47728,2.94745,0,1,0,0,0,7,60,4,2293.25,1877.18,0
20.1148,26,27,1474.12,1367.59,12.09,2.7951,0,0,0,0,0,7,60,0,1956.69,2224.42,10.01
20.117,29,27,1664.14,1247.31,13.2961,1.17709,0,1,0,0,0,7,60,4,1577.5,1575.47,10.13
20.137,56,20,1785.49,1041.14,0,0.0749365,0,1,0,0,0,7,60,4,1651.6,1213.84,10.72
20.14,60,19,1497.15,1007.14,0,0,0,0,0,0,0,7,60,0,1607.73,1813.72,11.77
20.1437,65,20,1719.13,979.98,0,0,0,0,0,0,0,7,60,0,1431.33,994.63,0
20.1481,71,18,1431.33,994.63,0,0.0749582,0,1,0,0,0,7,60,4,1438.23,995.98,0
20.1533,78,18,1445.12,997.33,0,0.0749668,0,1,0,64,0.05,7,60,4,1309.25,1282.11,3.89
20.1541,79,19,1603.14,1135.5,14.7919,1.15272,0,1,0,64,0.05,7,60,4,1827.93,1737.39,10.69
20.1644,93,19,1490.23,1006.13,0,0,0,0,0,0,0,7,60,0,2080.14,1881.48,5.38
20.1659,95,26,1259.61,1302.52,4.01,2.87118,0,0,0,0,0,7,60,0,1418.07,805.78,0
20.1667,96,19,1589.24,1109.69,6.12221,1.15157,0,1,1,32,0.15,7,60,4,1200.6,1384.78,5.35
20.1704,101,10,1418.07,805.78,0,0,0,0,0,0,0,7,60,0,1730.82,941.03,0
20.1807,115,21,2068.44,1060.07,7.1061,1.54545,0,1,0,0,0,7,60,4,1462.3,1001.73,0
20.1896,127,46,2321.23,1878.77,0,0.0749993,0,1,0,0,0,7,60,4,1318.68,1275.25,7.97
20.1911,129,19,1459.93,998.13,0,0,0,0,0,0,0,7,60,0,2270.43,1161.03,13.54
20.1919,130,45,2060.05,1871.8,14.793,3.195,0,1,0,0,0,7,60,4,1875.35,1892.41,8.09
20.2022,9,27,1487.26,1362.88,5.5,2.7951,0,0,0,0,0,7,60,0,1742.39,958.375,0
20.2037,11,12,1812.95,889.877,16.56,2.61787,0,0,0,0,0,7,60,0,1272.94,1298.82,2.89
20.2133,24,28,1706.5,1277.27,5.49032,2.94757,0,1,0,0,0,7,60,4,2293.25,1877.18,0
20.2148,26,27,1472.98,1368,12.09,2.7951,0,0,0,0,0,7,60,0,1955.69,2224.48,10.01
20.217,29,27,1664.63,1248.28,13.3278,1.17719,0,1,1,32,0.15,7,60,4,1578.51,1575.43,10.13
20.237,56,20,1785.49,1041.14,0,0.0749684,0,1,0,0,0,7,60,4,1651.12,1212.87,10.72
20.24,60,19,1497.15,1007.14,0,0,0,0,0,0,0,7,60,0,1607.96,1814.88,11.77
20.2437,65,20,1719.13,979.98,0,0,0,0,0,0,0,7,60,0,1431.33,994.63,0
20.2481,71,18,1431.33,994.63,0,0.0749497,0,1,0,0,0,7,60,4,1438.23,995.98,0
20.2533,78,18,1445.12,997.33,0,0.0749393,0,1,0,64,0.05,7,60,4,1309.62,1281.99,3.89
20.2541,79,19,1603.71,1136.56,14.8272,1.15269,0,1,1,96,0.2,7,60,4,1827.75,1736.34,10.69
20.2644,93,19,1490.23,1006.13,0,0,0,0,0,0,0,7,60,0,2080.67,1881.45,5.38
20.2659,95,26,1259.22,1302.62,4.01,2.87118,0,0,0,0,0,7,60,0,1418.07,805.78,0
20.2667,96,19,1589.48,1110.13,6.13682,1.15149,0,1,1,32,0.15,7,60,4,1200.55,1384.24,5.35
20.2704,101,10,1418.07,805.78,0,0,0,0,0,0,0,7,60,0,1730.82,941.03,0
20.2807,115,21,2068.5,1060.65,7.12308,1.54532,0,1,0,0,0,7,60,4,1462.3,1001.73,0
20.2896,127,46,2321.23,1878.77,0,0.0748384,0,1,0,0,0,7,60,4,1319.41,1274.93,7.97
20.2911,129,19,1459.93,998.13,0,0,0,0,0,0,0,7,60,0,2269.09,1161.24,13.54
20.2919,130,45,2058.84,1871.83,14.8283,3.19483,0,1,0,0,0,7,60,4,1874.56,1892.56,8.09
20.3022,9,27,1486.74,1363.07,5.5,2.7951,0,0,0,0,0,7,60,0,1742.39,958.375,0
20.3037,11,12,1811.51,890.705,16.56,2.61787,0,0,0,0,0,7,60,0,1272.66,1298.9,2.89
20.3133,24,28,1706.07,1277.39,5.50345,2.94732,0,1,0,0,0,7,60,4,2293.25,1877.18,0
20.3148,26,27,1471.85,1368.42,12.09,2.7951,0,0,0,0,0,7,60,0,1954.69,2224.54,10.01
20.317,29,27,1665.12,1249.25,13.3597,1.17693,0,1,1,32,0.15,7,60,4,1579.52,1575.39,10.13
20.337,56,20,1785.49,1041.14,0,0.074634,0,1,0,0,0,7,60,4,1650.64,1211.92,10.72
20.34,60,19,1497.15,1007.14,0,0,0,0,0,0,0,7,60,0,1608.19,1816.03,11.77
20.3437,65,20,1719.13,979.98,0,0,0,0,0,0,0,7,60,0,1431.33,994.63,0
20.3481,71,18,1431.33,994.63,0,0.0745742,0,1,0,0,0,7,60,4,1438.23,995.98,0
20.3533,78,18,1445.12,997.33,0,0.0745447,0,1,0,64,0.05,7,60,4,1309.98,1281.86,3.89
20.3541,79,19,1604.28,1137.62,14.8627,1.1523,0,1,1,96,0.2,7,60,4,1827.56,1735.29,10.69
20.3644,93,19,1490.23,1006.13,0,0,0,0,0,0,0,7,60,0,2081.21,1881.42,5.38
20.3659,95,26,1258.83,1302.73,4.01,2.87118,0,0,0,0,0,7,60,0,1418.07,805.78,0
20.3667,96,19,1589.72,1110.57,6.15153,1.15105,0,1,1,32,0.15,7,60,4,1200.5,1383.71,5.35
20.3704,101,10,1418.07,805.78,0,0,0,0,0,0,0,7,60,0,1730.82,941.03,0
20.3807,115,21,2068.56,1061.22,7.14015,1.54483,0,1,0,0,0,7,60,4,1462.3,1001.73,0
20.3896,127,46,2321.23,1878.77,0,0.0743111,0,1,0,0,0,7,60,4,1320.14,1274.61,7.97
20.3911,129,19,1459.93,998.13,0,0,0,0,0,0,0,7,60,0,2267.75,1161.45,13.54
20.3919,130,45,2057.64,1871.85,14.8639,3.1943,0,1,0,0,0,7,60,4,1873.76,1892.7,8.09
20.4022,9,27,1486.23,1363.26,5.5,2.7951,0,0,0,0,0,7,60,0,1742.39,958.375,0
20.4037,11,12,1810.08,891.533,16.56,2.61787,0,0,0,0,0,7,60,0,1272.39,1298.98,2.89
20.4133,24,28,1705.64,1277.51,5.51666,2.94671,0,1,0,0,0,7,60,4,2293.25,1877.18,0
20.4148,26,27,1470.71,1368.83,12.09,2.7951,0,0,0,0,0,7,60,0,1953.69,2224.59,10.01
20.417,29,27,1665.61,1250.22,13.3917,1.17631,0,1,1,32,0.15,7,60,4,1580.53,1575.36,10.13
20.437,56,20,1785.49,1041.14,0,0.0739337,0,1,0,0,0,7,60,4,1650.17,1210.96,10.72
20.44,60,19,1497.15,1007.14,0,0,0,0,0,0,0,7,60,0,1608.42,1817.18,11.77
20.4437,65,20,1719.13,979.98,0,0,0,0,0,0,0,7,60,0,1431.33,994.63,0
20.4481,71,18,1431.33,994.63,0,0.0738334,0,1,0,0,0,7,60,4,1438.23,995.98,0
20.4533,78,18,1445.12,997.33,0,0.073785,0,1,0,64,0.05,7,60,4,1310.35,1281.74,3.89
20.4541,79,19,1604.85,1138.68,14.8984,1.15153,0,1,1,96,0.2,7,60,4,1827.38,1734.24,10.69
20.4644,93,19,1490.23,1006.13,0,0,0,0,0,0,0,7,60,0,2081.75,1881.4,5.38
20.4659,95,26,1258.45,1302.84,4.01,2.87118,0,0,0,0,0,7,60,0,1418.07,805.78,0
20.4667,96,19,1589.95,1111.01,6.16631,1.15024,0,1,1,32,0.15,7,60,4,1200.44,1383.18,5.35
20.4704,101,10,1418.07,805.78,0,0,0,0,0,0,0,7,60,0,1730.82,941.03,0
20.4807,115,21,2068.62,1061.8,7.15732,1.54397,0,1,0,0,0,7,60,4,1462.3,1001.73,0
20.4896,127,46,2321.23,1878.77,0,0.0734197,0,1,0,0,0,7,60,4,1320.87,1274.29,7.97
20.4911,129,19,1459.93,998.13,0,0,0,0,0,0,0,7,60,0,2266.41,1161.65,13.54
20.4919,130,45,2056.43,1871.88,14.8996,3.1934,0,1,0,0,0,7,60,4,1872.97,1892.85,8.09
20.5022,9,27,1485.71,1363.45,5.5,2.7951,0,0,0,0,0,7,60,0,1742.39,958.375,0
20.5037,11,12,1808.65,892.362,16.56,2.61787,0,0,0,0,0,7,60,0,1272.11,1299.06,2.89
20.5133,24,28,1705.21,1277.63,5.52993,2.94573,0,1,0,0,0,7,60,4,2293.25,1877.18,0
20.5148,26,27,1469.57,1369.24,12.09,2.7951,0,0,0,0,0,7,60,0,1952.69,2224.65,10.01
20.517,29,27,1666.1,1251.19,13.424,1.17531,0,1,1,32,0.15,7,60,4,1581.55,1575.32,10.13
20.537,56,20,1785.49,1041.14,0,0.0728712,0,1,0,0,0,7,60,4,1649.69,1210,10.72
20.54,60,19,1497.15,1007.14,0,0,0,0,0,0,0,7,60,0,1608.65,1818.34,11.77
20.5437,65,20,1719.13,979.98,0,0,0,0,0,0,0,7,60,0,1431.33,994.63,0
20.5481,71,18,1431.33,994.63,0,0.0727309,0,1,0,0,0,7,60,4,1438.23,995.98,0
20.5533,78,18,1445.12,997.33,0,0.0726639,0,1,0,64,0.05,7,60,4,1310.72,1281.62,3.89
20.5541,79,19,1605.42,1139.75,14.9343,1.15041,0,1,1,96,0.2,7,60,4,1827.19,1733.18,10.69
20.5644,93,19,1490.23,1006.13,0,0,0,0,0,0,0,7,60,0,2082.29,1881.37,5.38
20.5659,95,26,1258.06,1302.94,4.01,2.87118,0,0,0,0,0,7,60,0,1418.07,805.78,0
20.5667,96,19,1590.19,1111.45,6.18116,1.14907,0,1,1,32,0.15,7,60,4,1200.39,1382.65,5.35
20.5704,101,10,1418.07,805.78,0,0,0,0,0,0,0,7,60,0,1730.82,941.03,0
20.5807,115,21,2068.68,1062.37,7.17455,1.54275,0,1,0,0,0,7,60,4,1462.3,1001.73,0
20.5896,127,46,2321.23,1878.77,0,0.0721686,0,1,0,0,0,7,60,4,1321.6,1273.97,7.97
20.5911,129,19,1459.93,998.13,0,0,0,0,0,0,0,7,60,0,2265.08,1161.86,13.54
20.5919,130,45,2055.23,1871.9,14.9355,3.19214,0,1,0,0,0,7,60,4,1872.17,1893,8.09
20.6022,9,27,1485.19,1363.63,5.5,2.7951,0,0,0,0,0,7,60,0,1742.39,958.375,0
20.6037,11,12,1807.21,893.19,16.56,2.61787,0,0,0,0,0,7,60,0,1271.83,1299.13,2.89
20.6133,24,28,1704.78,1277.75,5.54325,2.94439,0,1,0,0,0,7,60,4,2293.25,1877.18,0
20.6148,26,27,1468.43,1369.65,12.09,2.7951,0,0,0,0,0,7,60,0,1951.7,2224.71,10.01
20.617,29,27,1666.59,1252.15,13.4563,1.17397,0,1,1,32,0.15,7,60,4,1582.56,1575.28,10.13
20.637,56,20,1785.49,1041.14,0,0.0714518,0,1,0,0,0,7,60,4,1649.21,1209.04,10.72
20.64,60,19,1497.15,1007.14,0,0,0,0,0,0,0,7,60,0,1608.88,1819.49,11.77
20.6437,65,20,1719.13,979.98,0,0,0,0,0,0,0,7,60,0,1431.33,994.63,0
20.6481,71,18,1431.33,994.63,0,0.0712723,0,1,0,0,0,7,60,4,1438.23,995.98,0
20.6533,78,18,1445.12,997.33,0,0.0711869,0,1,0,64,0.05,7,60,4,1311.09,1281.49,3.89
20.6541,79,19,1605.99,1140.81,14.9703,1.14893,0,1,1,96,0.2,7,60,4,1827,1732.13,10.69
20.6644,93,19,1490.23,1006.13,0,0,0,0,0,0,0,7,60,0,2082.82,1881.34,5.38
20.6659,95,26,1257.67,1303.05,4.01,2.87118,0,0,0,0,0,7,60,0,1418.07,805.78,0
20.6667,96,19,1590.43,1111.89,6.19605,1.14755,0,1,1,32,0.15,7,60,4,1200.34,1382.11,5.35
20.6704,101,10,1418.07,805.78,0,0,0,0,0,0,0,7,60,0,1730.82,941.03,0
20.6807,115,21,2068.73,1062.95,7.19185,1.54118,0,1,0,0,0,7,60,4,1462.3,1001.73,0
20.6896,127,46,2321.23,1878.77,0,0.0705641,0,1,0,0,0,7,60,4,1322.33,1273.65,7.97
20.6911,129,19,1459.93,998.13,0,0,0,0,0,0,0,7,60,0,2263.74,1162.07,13.54
20.6919,130,45,2054.03,1871.93,14.9715,3.19053,0,1,0,0,0,7,60,4,1871.37,1893.15,8.09
20.7022,9,27,1484.68,1363.82,5.5,2.7951,0,0,0,0,0,7,60,0,1742.39,958.375,0
20.7037,11,12,1805.78,894.018,16.56,2.61787,0,0,0,0,0,7,60,0,1271.55,1299.21,2.89
20.7133,24,28,1704.35,1277.87,5.55661,2.94271,0,1,0,0,0,7,60,4,2293.25,1877.18,0
20.7148,26,27,1467.3,1370.06,12.09,2.7951,0,0,0,0,0,7,60,0,1950.7,2224.77,10.01
20.717,29,27,1667.08,1253.12,13.4887,1.17227,0,1,1,32,0.15,7,60,4,1583.57,1575.24,10.13
20.737,56,20,1785.49,1041.14,0,0.0696824,0,1,0,0,0,7,60,4,1648.74,1208.08,10.72
20.74,60,19,1497.15,1007.14,0,0,0,0,0,0,0,7,60,0,1609.11,1820.65,11.77
20.7437,65,20,1719.13,979.98,0,0,0,0,0,0,0,7,60,0,1431.33,994.63,0
20.7481,71,18,1431.33,994.63,0,0.0694645,0,1,0,0,0,7,60,4,1438.23,995.98,0
20.7533,78,18,1445.12,997.33,0,0.0693612,0,1,0,64,0.05,7,60,4,1311.46,1281.37,3.89
20.7541,79,19,1606.56,1141.87,15.0064,1.1471,0,1,1,96,0.2,7,60,4,1826.82,1731.08,10.69
20.7644,93,19,1490.23,1006.13,0,0,0,0,0,0,0,7,60,0,2083.36,1881.32,5.38
20.7659,95,26,1257.29,1303.16,4.01,2.87118,0,0,0,0,0,7,60,0,1418.07,805.78,0
20.7667,96,19,1590.66,1112.33,6.21099,1.14567,0,1,1,32,0.15,7,60,4,1200.29,1381.58,5.35
20.7704,101,10,1418.07,805.78,0,0,0,0,0,0,0,7,60,0,1730.82,941.03,0
20.7807,115,21,2068.79,1063.53,7.20918,1.53926,0,1,0,0,0,7,60,4,1462.3,1001.73,0
20.7896,127,46,2321.23,1878.77,0,0.0686142,0,1,0,0,0,7,60,4,1323.06,1273.33,7.97
20.7911,129,19,1459.93,998.13,0,0,0,0,0,0,0,7,60,0,2262.4,1162.28,13.54
20.7919,130,45,2052.82,1871.96,15.0076,3.18857,0,1,0,0,0,7,60,4,1870.58,1893.29,8.09
20.8022,9,27,1484.16,1364.01,5.5,2.7951,0,0,0,0,0,7,60,0,1742.39,958.375,0
20.8037,11,12,1804.34,894.846,16.56,2.61787,0,0,0,0,0,7,60,0,1271.27,1299.29,2.89
20.8133,24,28,1703.92,1277.99,5.57,2.94068,0,1,0,0,0,7,60,4,2293.25,1877.18,0
20.8148,26,27,1466.16,1370.47,12.09,2.7951,0,0,0,0,0,7,60,0,1949.7,2224.83,10.01
20.817,29,27,1667.57,1254.09,13.5212,1.17022,0,1,1,32,0.15,7,60,4,1584.58,1575.21,10.13
20.837,56,20,1785.49,1041.14,0,0.0675714,0,1,0,0,0,7,60,4,1648.26,1207.12,10.72
20.84,60,19,1497.15,1007.14,0,0,0,0,0,0,0,7,60,0,1609.34,1821.8,11.77
20.8437,65,20,1719.13,979.98,0,0,0,0,0,0,0,7,60,0,1431.33,994.63,0
20.8481,71,18,1431.33,994.63,0,0.0673165,0,1,0,0,0,7,60,4,1438.23,995.98,0
20.8533,78,18,1445.12,997.33,0,0.0671958,0,1,0,64,0.05,7,60,4,1311.83,1281.25,3.89
20.8541,79,19,1607.14,1142.93,15.0425,1.14493,0,1,1,96,0.2,7,60,4,1826.63,1730.02,10.69
20.8644,93,19,1490.23,1006.13,0,0,0,0,0,0,0,7,60,0,2083.9,1881.29,5.38
20.8659,95,26,1256.9,1303.27,4.01,2.87118,0,0,0,0,0,7,60,0,1418.07,805.78,0
20.8667,96,19,1590.9,1112.77,6.22595,1.14346,0,1,1,32,0.15,7,60,4,1200.24,1381.05,5.35
20.8704,101,10,1418.07,805.78,0,0,0,0,0,0,0,7,60,0,1730.82,941.03,0
20.8807,115,21,2068.85,1064.1,7.22654,1.537,0,1,0,0,0,7,60,4,1462.3,1001.73,0
20.8896,127,46,2321.23,1878.77,0,0.066328,0,1,0,0,0,7,60,4,1323.79,1273.01,7.97
20.8911,129,19,1459.93,998.13,0,0,0,0,0,0,0,7,60,0,2261.06,1162.49,13.54
20.8919,130,45,2051.62,1871.98,15.0437,3.18627,0,1,0,0,0,7,60,4,1869.78,1893.44,8.09
20.9022,9,27,1483.64,1364.19,5.5,2.7951,0,0,0,0,0,7,60,0,1742.39,958.375,0
20.9037,11,12,1802.91,895.674,16.56,2.61787,0,0,0,0,0,7,60,0,1270.99,1299.36,2.89
20.9133,24,28,1703.48,1278.11,5.58341,2.93831,0,1,0,0,0,7,60,4,2293.25,1877.18,0
20.9148,26,27,1465.02,1370.88,12.09,2.7951,0,0,0,0,0,7,60,0,1948.7,2224.89,10.01
20.917,29,27,1668.06,1255.06,13.5538,1.16785,0,1,1,32,0.15,7,60,4,1585.59,1575.17,10.13
20.937,56,20,1785.49,1041.14,0,0.0651297,0,1,0,0,0,7,60,4,1647.78,1206.16,10.72
20.94,60,19,1497.15,1007.14,0,0,0,0,0,0,0,7,60,0,1609.57,1822.96,11.77
20.9437,65,20,1719.13,979.98,0,0,0,0,0,0,0,7,60,0,1431.33,994.63,0
20.9481,71,18,1431.33,994.63,0,0.0648388,0,1,0,0,0,7,60,4,1438.23,995.98,0
20.9533,78,18,1445.12,997.33,0,0.0647013,0,1,0,64,0.05,7,60,4,1312.2,1281.12,3.89
20.9541,79,19,1607.71,1144,15.0787,1.14244,0,1,1,96,0.2,7,60,4,1826.45,1728.97,10.69
20.9644,93,19,1490.23,1006.13,0,0,0,0,0,0,0,7,60,0,2084.44,1881.26,5.38
20.9659,95,26,1256.52,1303.37,4.01,2.87118,0,0,0,0,0,7,60,0,1418.07,805.78,0
20.9667,96,19,1591.14,1113.21,6.24092,1.14093,0,1,1,32,0.15,7,60,4,1200.19,1380.52,5.35
20.9704,101,10,1418.07,805.78,0,0,0,0,0,0,0,7,60,0,1730.82,941.03,0
20.9807,115,21,2068.91,1064.68,7.24391,1.53442,0,1,0,0,0,7,60,4,1462.3,1001.73,0
20.9896,127,46,2321.23,1878.77,0,0.0637169,0,1,0,0,0,7,60,4,1324.52,1272.69,7.97
20.9911,129,19,1459.93,998.13,0,0,0,0,0,0,0,7,60,0,2259.72,1162.7,13.54
20.9919,130,45,2050.41,1872.01,15.0799,3.18366,0,1,0,0,0,7,60,4,1868.99,1893.59,8.09
21.0022,9,27,1483.12,1364.38,6.13,2.79717,6.3,0,1,4,0.1,7,60,0,1742.39,958.375,0
21.0037,11,12,1801.5,896.494,16.41,2.55596,-1.5,0,1,2,0.1,7,60,0,1270.71,1299.44,4.07
21.0133,24,28,1703.05,1278.21,8.60182,3.13513,24,1,1,6,0.2,7,60,4,2293.25,1877.18,0
21.0148,26,27,1463.86,1371.3,14.23,2.79545,21.4,0,1,4,0.1,7,60,0,1947.69,2224.95,10.56
21.017,29,27,1668.53,1255.99,10.3181,1.16576,-26.1,1,1,36,0.25,7,60,4,1586.64,1575.13,12.45
21.037,56,20,1785.49,1041.14,0,0.0623691,0,1,0,0,0,7,60,4,1647.3,1205.19,11.06
21.04,60,19,1497.15,1007.14,0,0,0,0,0,0,0,7,60,0,1609.82,1824.16,13.14
21.0437,65,20,1719.13,979.98,0,0,0,0,0,0,0,7,60,0,1431.33,994.63,0
21.0481,71,18,1431.33,994.63,0,0.0620435,0,1,0,0,0,7,60,4,1438.23,995.98,0
21.0533,78,18,1445.12,997.33,0,0.0618899,0,1,0,64,0.05,7,60,4,1312.67,1280.96,6
21.0541,79,19,1608.23,1145.01,14.5384,1.17056,-4.6,1,1,228,0.4,7,60,4,1826.24,1727.79,13.2
21.0644,93,19,1490.23,1006.13,0,0,0,0,0,0,0,7,60,0,2085,1881.25,5.83
21.0659,95,26,1256.05,1303.5,5.3,2.88244,12.9,0,1,4,0.1,7,60,0,1418.07,805.78,0
21.0667,96,19,1591.39,1113.68,7.15853,1.13799,7.2,1,1,36,0.25,7,60,4,1200.26,1380.05,6.4
21.0704,101,10,1418.07,805.78,0,0,0,0,0,0,0,7,60,0,1730.82,941.03,0
21.0807,115,21,2068.97,1065.32,8.32726,1.53234,8.5,1,1,4,0.1,7,60,4,1462.3,1001.73,0
21.0896,127,46,2321.23,1878.77,0,0.0607936,0,1,0,0,0,7,60,4,1325.3,1272.33,9.49
21.0911,129,19,1459.93,998.13,0,0,0,0,0,0,0,7,60,0,2258.23,1162.93,15.33
21.0919,130,45,2049.05,1872.04,17.3865,3.17992,18.1,1,1,4,0.1,7,60,4,1868.11,1893.74,8.95
21.1022,9,27,1482.55,1364.59,6.13,2.79717,0,0,0,0,0,7,60,0,1742.39,958.375,0
21.1037,11,12,1800.13,897.401,16.41,2.55596,0,0,0,0,0,7,60,0,1270.32,1299.55,4.07
21.1133,24,28,1702.36,1278.25,8.62242,3.13213,0,1,0,0,0,7,60,4,2293.25,1877.18,0
21.1148,26,27,1462.52,1371.78,14.23,2.79545,0,0,0,0,0,7,60,0,1946.64,2225.02,10.56
21.117,29,27,1668.91,1256.72,10.3428,1.16275,0,1,0,0,0,7,60,4,1587.89,1575.09,12.45
21.137,56,20,1785.49,1041.14,0,0.0593029,0,1,0,0,0,7,60,4,1646.81,1204.2,11.06
21.14,60,19,1497.15,1007.14,0,0,0,0,0,0,0,7,60,0,1610.09,1825.45,13.14
21.1437,65,20,1719.13,979.98,0,0,0,0,0,0,0,7,60,0,1431.33,994.63,0
21.1481,71,18,1431.33,994.63,0,0.0589443,0,1,0,0,0,7,60,4,1438.23,995.98,0
21.1533,78,18,1445.12,997.33,0,0.0587753,0,1,0,64,0.05,7,60,4,1313.23,1280.75,6
21.1541,79,19,1608.75,1146.05,14.5731,1.16744,0,1,1,192,0.15,7,60,4,1826.01,1726.49,13.2
21.1644,93,19,1490.23,1006.13,0,0,0,0,0,0,0,7,60,0,2085.59,1881.23,5.83
21.1659,95,26,1255.53,1303.63,5.3,2.88244,0,0,0,0,0,7,60,0,1418.07,805.78,0
21.1667,96,19,1591.66,1114.18,7.17564,1.13484,0,1,1,32,0.15,7,60,4,1200.37,1379.42,6.4
21.1704,101,10,1418.07,805.78,0,0,0,0,0,0,0,7,60,0,1730.82,941.03,0
21.1807,115,21,2069.04,1065.98,8.34715,1.52915,0,1,0,0,0,7,60,4,1462.3,1001.73,0
21.1896,127,46,2321.23,1878.77,0,0.0575731,0,1,0,0,0,7,60,4,1326.16,1271.92,9.49
21.1911,129,19,1459.93,998.13,0,0,0,0,0,0,0,7,60,0,2256.71,1163.17,15.33
21.1919,130,45,2047.66,1872.07,17.428,3.1767,0,1,0,0,0,7,60,4,1867.23,1893.88,8.95
21.2022,9,27,1481.97,1364.79,6.13,2.79717,0,0,0,0,0,7,60,0,1742.39,958.375,0
21.2037,11,12,1798.76,898.308,16.41,2.55596,0,0,0,0,0,7,60,0,1269.93,1299.66,4.07
21.2133,24,28,1701.68,1278.3,8.64298,3.12884,0,1,0,0,0,7,60,4,2293.25,1877.18,0
21.2148,26,27,1461.18,1372.27,14.23,2.79545,0,0,0,0,0,7,60,0,1945.58,2225.09,10.56
21.217,29,27,1669.28,1257.46,10.3675,1.15945,0,1,1,32,0.15,7,60,4,1589.13,1575.04,12.45
21.237,56,20,1785.49,1041.14,0,0.0559462,0,1,0,0,0,7,60,4,1646.32,1203.2,11.06
21.24,60,19,1497.15,1007.14,0,0,0,0,0,0,0,7,60,0,1610.36,1826.73,13.14
21.2437,65,20,1719.13,979.98,0,0,0,0,0,0,0,7,60,0,1431.33,994.63,0
21.2481,71,18,1431.33,994.63,0,0.0555564,0,1,0,0,0,7,60,4,1438.23,995.98,0
21.2533,78,18,1445.12,997.33,0,0.0553729,0,1,0,64,0.05,7,60,4,1313.8,1280.54,6
21.2541,79,19,1609.26,1147.09,14.6078,1.16404,0,1,1,96,0.2,7,60,4,1825.78,1725.19,13.2
21.2644,93,19,1490.23,1006.13,0,0,0,0,0,0,0,7,60,0,2086.17,1881.22,5.83
21.2659,95,26,1255.02,1303.77,5.3,2.88244,0,0,0,0,0,7,60,0,1418.07,805.78,0
21.2667,96,19,1591.93,1114.68,7.19271,1.1314,0,1,1,32,0.15,7,60,4,1200.48,1378.79,6.4
21.2704,101,10,1418.07,805.78,0,0,0,0,0,0,0,7,60,0,1730.82,941.03,0
21.2807,115,21,2069.1,1066.64,8.367,1.52567,0,1,0,0,0,7,60,4,1462.3,1001.73,0
21.2896,127,46,2321.23,1878.77,0,0.0540701,0,1,0,0,0,7,60,4,1327.01,1271.51,9.49
21.2911,129,19,1459.93,998.13,0,0,0,0,0,0,0,7,60,0,2255.2,1163.41,15.33
21.2919,130,45,2046.28,1872.1,17.4694,3.17319,0,1,0,0,0,7,60,4,1866.35,1894.03,8.95
21.3022,9,27,1481.39,1365,6.13,2.79717,0,0,0,0,0,7,60,0,1742.39,958.375,0
21.3037,11,12,1797.4,899.215,16.41,2.55596,0,0,0,0,0,7,60,0,1269.53,1299.77,4.07
21.3133,24,28,1700.99,1278.35,8.6635,3.12528,0,1,0,0,0,7,60,4,2293.25,1877.18,0
21.3148,26,27,1459.84,1372.75,14.23,2.79545,0,0,0,0,0,7,60,0,1944.53,2225.16,10.56
21.317,29,27,1669.65,1258.19,10.3921,1.15587,0,1,1,32,0.15,7,60,4,1590.38,1574.99,12.45
21.337,56,20,1785.49,1041.14,0,0.0523156,0,1,0,0,0,7,60,4,1645.82,1202.21,11.06
21.34,60,19,1497.15,1007.14,0,0,0,0,0,0,0,7,60,0,1610.64,1828.02,13.14
21.3437,65,20,1719.13,979.98,0,0,0,0,0,0,0,7,60,0,1431.33,994.63,0
21.3481,71,18,1431.33,994.63,0,0.0518964,0,1,0,0,0,7,60,4,1438.23,995.98,0
21.3533,78,18,1445.12,997.33,0,0.0516992,0,1,0,64,0.05,7,60,4,1314.36,1280.33,6
21.3541,79,19,1609.78,1148.13,14.6424,1.16036,0,1,1,96,0.2,7,60,4,1825.55,1723.89,13.2
21.3644,93,19,1490.23,1006.13,0,0,0,0,0,0,0,7,60,0,2086.75,1881.21,5.83
21.3659,95,26,1254.51,1303.91,5.3,2.88244,0,0,0,0,0,7,60,0,1418.07,805.78,0
21.3667,96,19,1592.2,1115.18,7.20973,1.12769,0,1,1,32,0.15,7,60,4,1200.59,1378.16,6.4
21.3704,101,10,1418.07,805.78,0,0,0,0,0,0,0,7,60,0,1730.82,941.03,0
21.3807,115,21,2069.17,1067.31,8.38678,1.52192,0,1,0,0,0,7,60,4,1462.3,1001.73,0
21.3896,127,46,2321.23,1878.77,0,0.0503022,0,1,0,0,0,7,60,4,1327.87,1271.11,9.49
21.3911,129,19,1459.93,998.13,0,0,0,0,0,0,0,7,60,0,2253.68,1163.65,15.33
21.3919,130,45,2044.89,1872.13,17.5107,3.16941,0,1,0,0,0,7,60,4,1865.46,1894.18,8.95
21.4022,9,27,1480.81,1365.21,6.13,2.79717,0,0,0,0,0,7,60,0,1742.39,958.375,0
21.4037,11,12,1796.03,900.122,16.41,2.55596,0,0,0,0,0,7,60,0,1269.14,1299.88,4.07
21.4133,24,28,1700.31,1278.4,8.68394,3.12145,0,1,0,0,0,7,60,4,2293.25,1877.18,0
21.4148,26,27,1458.5,1373.23,14.23,2.79545,0,0,0,0,0,7,60,0,1943.48,2225.23,10.56
21.417,29,27,1670.02,1258.93,10.4166,1.15204,0,1,1,32,0.15,7,60,4,1591.62,1574.95,12.45
21.437,56,20,1785.49,1041.14,0,0.0484287,0,1,0,0,0,7,60,4,1645.33,1201.22,11.06
21.44,60,19,1497.15,1007.14,0,0,0,0,0,0,0,7,60,0,1610.91,1829.3,13.14
21.4437,65,20,1719.13,979.98,0,0,0,0,0,0,0,7,60,0,1431.33,994.63,0
21.4481,71,18,1431.33,994.63,0,0.0479822,0,1,0,0,0,7,60,4,1438.23,995.98,0
21.4533,78,18,1445.12,997.33,0,0.0477723,0,1,0,64,0.05,7,60,4,1314.92,1280.12,6
21.4541,79,19,1610.3,1149.16,14.6769,1.15643,0,1,1,96,0.2,7,60,4,1825.32,1722.59,13.2
21.4644,93,19,1490.23,1006.13,0,0,0,0,0,0,0,7,60,0,2087.33,1881.2,5.83
21.4659,95,26,1254,1304.04,5.3,2.88244,0,0,0,0,0,7,60,0,1418.07,805.78,0
21.4667,96,19,1592.47,1115.69,7.22669,1.12373,0,1,1,32,0.15,7,60,4,1200.69,1377.53,6.4
21.4704,101,10,1418.07,805.78,0,0,0,0,0,0,0,7,60,0,1730.82,941.03,0
21.4807,115,21,2069.24,1067.97,8.40649,1.51793,0,1,0,0,0,7,60,4,1462.3,1001.73,0
21.4896,127,46,2321.23,1878.77,0,0.046288,0,1,0,0,0,7,60,4,1328.73,1270.7,9.49
21.4911,129,19,1459.93,998.13,0,0,0,0,0,0,0,7,60,0,2252.17,1163.89,15.33
21.4919,130,45,2043.5,1872.16,17.5518,3.16539,0,1,0,0,0,7,60,4,1864.58,1894.33,8.95
21.5022,9,27,1480.24,1365.41,6.13,2.79717,0,0,0,0,0,7,60,0,1742.39,958.375,0
21.5037,11,12,1794.66,901.029,16.41,2.55596,0,0,0,0,0,7,60,0,1268.75,1299.99,4.07
21.5133,24,28,1699.62,1278.44,8.7043,3.11738,0,1,0,0,0,7,60,4,2293.25,1877.18,0
21.5148,26,27,1457.16,1373.71,14.23,2.79545,0,0,0,0,0,7,60,0,1942.42,2225.3,10.56
21.517,29,27,1670.39,1259.66,10.441,1.14796,0,1,1,32,0.15,7,60,4,1592.86,1574.9,12.45
21.537,56,20,1785.49,1041.14,0,0.0443046,0,1,0,0,0,7,60,4,1644.84,1200.23,11.06
21.54,60,19,1497.15,1007.14,0,0,0,0,0,0,0,7,60,0,1611.19,1830.59,13.14
21.5437,65,20,1719.13,979.98,0,0,0,0,0,0,0,7,60,0,1431.33,994.63,0
21.5481,71,18,1431.33,994.63,0,0.043833,0,1,0,0,0,7,60,4,1438.23,995.98,0
21.5533,78,18,1445.12,997.33,0,0.0436115,0,1,0,64,0.05,7,60,4,1315.48,1279.92,6
21.5541,79,19,1610.82,1150.2,14.7112,1.15227,0,1,1,96,0.2,7,60,4,1825.09,1721.29,13.2
21.5644,93,19,1490.23,1006.13,0,0,0,0,0,0,0,7,60,0,2087.92,1881.19,5.83
21.5659,95,26,1253.48,1304.18,5.3,2.88244,0,0,0,0,0,7,60,0,1418.07,805.78,0
21.5667,96,19,1592.75,1116.19,7.24357,1.11954,0,1,1,32,0.15,7,60,4,1200.8,1376.89,6.4
21.5704,101,10,1418.07,805.78,0,0,0,0,0,0,0,7,60,0,1730.82,941.03,0
21.5807,115,21,2069.3,1068.63,8.4261,1.51371,0,1,0,0,0,7,60,4,1462.3,1001.73,0
21.5896,127,46,2321.23,1878.77,0,0.0420476,0,1,0,0,0,7,60,4,1329.59,1270.29,9.49
21.5911,129,19,1459.93,998.13,0,0,0,0,0,0,0,7,60,0,2250.65,1164.12,15.33
21.5919,130,45,2042.12,1872.19,17.5927,3.16115,0,1,0,0,0,7,60,4,1863.7,1894.48,8.95
21.6022,9,27,1479.66,1365.62,6.13,2.79717,0,0,0,0,0,7,60,0,1742.39,958.375,0
21.6037,11,12,1793.29,901.936,16.41,2.55596,0,0,0,0,0,7,60,0,1268.36,1300.1,4.07
21.6133,24,28,1698.94,1278.49,8.72456,3.11309,0,1,0,0,0,7,60,4,2293.25,1877.18,0
21.6148,26,27,1455.82,1374.2,14.23,2.79545,0,0,0,0,0,7,60,0,1941.37,2225.38,10.56
21.617,29,27,1670.76,1260.4,10.4653,1.14366,0,1,1,32,0.15,7,60,4,1594.11,1574.86,12.45
21.637,56,20,1785.49,1041.14,0,0.0399639,0,1,0,0,0,7,60,4,1644.35,1199.24,11.06
21.64,60,19,1497.15,1007.14,0,0,0,0,0,0,0,7,60,0,1611.46,1831.87,13.14
21.6437,65,20,1719.13,979.98,0,0,0,0,0,0,0,7,60,0,1431.33,994.63,0
21.6481,71,18,1431.33,994.63,0,0.0394691,0,1,0,0,0,7,60,4,1438.23,995.98,0
21.6533,78,18,1445.12,997.33,0,0.039237,0,1,0,64,0.05,7,60,4,1316.05,1279.71,6
21.6541,79,19,1611.33,1151.24,14.7453,1.14789,0,1,1,96,0.2,7,60,4,1824.86,1719.99,13.2
21.6644,93,19,1490.23,1006.13,0,0,0,0,0,0,0,7,60,0,2088.5,1881.18,5.83
21.6659,95,26,1252.97,1304.31,5.3,2.88244,0,0,0,0,0,7,60,0,1418.07,805.78,0
21.6667,96,19,1593.02,1116.69,7.26035,1.11514,0,1,1,32,0.15,7,60,4,1200.91,1376.26,6.4
21.6704,101,10,1418.07,805.78,0,0,0,0,0,0,0,7,60,0,1730.82,941.03,0
21.6807,115,21,2069.37,1069.29,8.4456,1.50928,0,1,0,0,0,7,60,4,1462.3,1001.73,0
21.6896,127,46,2321.23,1878.77,0,0.0376007,0,1,0,0,0,7,60,4,1330.44,1269.89,9.49
21.6911,129,19,1459.93,998.13,0,0,0,0,0,0,0,7,60,0,2249.14,1164.36,15.33
21.6919,130,45,2040.73,1872.22,17.6334,3.1567,0,1,0,0,0,7,60,4,1862.82,1894.62,8.95
21.7022,9,27,1479.08,1365.83,6.13,2.79717,0,0,0,0,0,7,60,0,1742.39,958.375,0
21.7037,11,12,1791.93,902.843,16.41,2.55596,0,0,0,0,0,7,60,0,1267.97,1300.2,4.07
21.7133,24,28,1698.25,1278.54,8.74469,3.10859,0,1,0,0,0,7,60,4,2293.25,1877.18,0
21.7148,26,27,1454.49,1374.68,14.23,2.79545,0,0,0,0,0,7,60,0,1940.31,2225.45,10.56
21.717,29,27,1671.14,1261.13,10.4894,1.13916,0,1,1,32,0.15,7,60,4,1595.35,1574.81,12.45
21.737,56,20,1785.49,1041.14,0,0.0354269,0,1,0,0,0,7,60,4,1643.86,1198.25,11.06
21.74,60,19,1497.15,1007.14,0,0,0,0,0,0,0,7,60,0,1611.73,1833.16,13.14
21.7437,65,20,1719.13,979.98,0,0,0,0,0,0,0,7,60,0,1431.33,994.63,0
21.7481,71,18,1431.33,994.63,0,0.0349117,0,1,0,0,0,7,60,4,1438.23,995.98,0
21.7533,78,18,1445.12,997.33,0,0.0346702,0,1,0,64,0.05,7,60,4,1316.61,1279.5,6
21.7541,79,19,1611.85,1152.28,14.7792,1.14333,0,1,1,96,0.2,7,60,4,1824.63,1718.69,13.2
21.7644,93,19,1490.23,1006.13,0,0,0,0,0,0,0,7,60,0,2089.08,1881.17,5.83
21.7659,95,26,1252.46,1304.45,5.3,2.88244,0,0,0,0,0,7,60,0,1418.07,805.78,0
21.7667,96,19,1593.29,1117.19,7.27702,1.11055,0,1,1,32,0.15,7,60,4,1201.02,1375.63,6.4
21.7704,101,10,1418.07,805.78,0,0,0,0,0,0,0,7,60,0,1730.82,941.03,0
21.7807,115,21,2069.43,1069.95,8.46496,1.50466,0,1,0,0,0,7,60,4,1462.3,1001.73,0
21.7896,127,46,2321.23,1878.77,0,0.0329696,0,1,0,0,0,7,60,4,1331.3,1269.48,9.49
21.7815,116,27,1679.09,1285.61,7.23,2.8519,0,0,0,0,0,7,60,0,1879.25,2049.69,7.92
21.7911,129,19,1459.93,998.13,0,0,0,0,0,0,0,7,60,0,2247.62,1164.6,15.33
21.7919,130,45,2039.35,1872.26,17.6738,3.15206,0,1,0,0,0,7,60,4,1861.93,1894.77,8.95
21.8022,9,27,1478.51,1366.04,6.13,2.79717,0,0,0,0,0,7,60,0,1742.39,958.375,0
21.8037,11,12,1790.56,903.75,16.41,2.55596,0,0,0,0,0,7,60,0,1267.57,1300.31,4.07
21.8133,24,28,1697.57,1278.59,8.76468,3.10392,0,1,0,0,0,7,60,4,2293.25,1877.18,0
21.8148,26,27,1453.15,1375.16,14.23,2.79545,0,0,0,0,0,7,60,0,1939.26,2225.52,10.56
21.817,29,27,1671.51,1261.87,10.5134,1.13448,0,1,1,32,0.15,7,60,4,1596.6,1574.76,12.45
21.837,56,20,1785.49,1041.14,0,0.0307164,0,1,0,0,0,7,60,4,1643.36,1197.26,11.06
21.84,60,19,1497.15,1007.14,0,0,0,0,0,0,0,7,60,0,1612.01,1834.44,13.14
21.8437,65,20,1719.13,979.98,0,0,0,0,0,0,0,7,60,0,1431.33,994.63,0
21.8481,71,18,1431.33,994.63,0,0.0301833,0,1,0,0,0,7,60,4,1438.23,995.98,0
21.8533,78,18,1445.12,997.33,0,0.0299341,0,1,0,64,0.05,7,60,4,1317.17,1279.29,6
21.8541,79,19,1612.37,1153.32,14.8128,1.13859,0,1,1,96,0.2,7,60,4,1824.4,1717.39,13.2
21.8644,93,19,1490.23,1006.13,0,0,0,0,0,0,0,7,60,0,2089.67,1881.16,5.83
21.8659,95,26,1251.95,1304.59,5.3,2.88244,0,0,0,0,0,7,60,0,1418.07,805.78,0
21.8667,96,19,1593.56,1117.7,7.29357,1.10579,0,1,1,32,0.15,7,60,4,1201.13,1375,6.4
21.8704,101,10,1418.07,805.78,0,0,0,0,0,0,0,7,60,0,1730.82,941.03,0
21.8807,115,21,2069.5,1070.61,8.48418,1.49989,0,1,0,0,0,7,60,4,1462.3,1001.73,0
21.8815,116,27,1678.4,1285.82,7.23,2.8519,0,0,0,0,0,7,60,0,1879.13,2048.98,7.92
21.8896,127,46,2321.23,1878.77,0,0.0281771,0,1,0,0,0,7,60,4,1332.16,1269.07,9.49
21.8911,129,19,1459.93,998.13,0,0,0,0,0,0,0,7,60,0,2246.11,1164.84,15.33
21.8919,130,45,2037.96,1872.29,17.7139,3.14727,0,1,0,0,0,7,60,4,1861.05,1894.92,8.95
21.9022,9,27,1477.93,1366.24,6.13,2.79717,0,0,0,0,0,7,60,0,1742.39,958.375,0
21.9037,11,12,1789.19,904.657,16.41,2.55596,0,0,0,0,0,7,60,0,1267.18,1300.42,4.07
21.9133,24,28,1696.88,1278.64,8.78451,3.0991,0,1,0,0,0,7,60,4,2293.25,1877.18,0
21.9148,26,27,1451.81,1375.64,14.23,2.79545,0,0,0,0,0,7,60,0,1938.21,2225.59,10.56
21.917,29,27,1671.88,1262.6,10.5372,1.12965,0,1,1,32,0.15,7,60,4,1597.84,1574.72,12.45
21.937,56,20,1785.49,1041.14,0,0.0258556,0,1,0,0,0,7,60,4,1642.87,1196.27,11.06
21.94,60,19,1497.15,1007.14,0,0,0,0,0,0,0,7,60,0,1612.28,1835.73,13.14
21.9437,65,20,1719.13,979.98,0,0,0,0,0,0,0,7,60,0,1431.33,994.63,0
21.9481,71,18,1431.33,994.63,0,0.0253071,0,1,0,0,0,7,60,4,1438.23,995.98,0
21.9533,78,18,1445.12,997.33,0,0.0250509,0,1,0,64,0.05,7,60,4,1317.74,1279.08,6
21.9541,79,19,1612.88,1154.36,14.8462,1.13371,0,1,1,96,0.2,7,60,4,1824.17,1716.09,13.2
21.9644,93,19,1490.23,1006.13,0,0,0,0,0,0,0,7,60,0,2090.25,1881.15,5.83
21.9659,95,26,1251.44,1304.72,5.3,2.88244,0,0,0,0,0,7,60,0,1418.07,805.78,0
21.9667,96,19,1593.83,1118.2,7.30997,1.10089,0,1,1,32,0.15,7,60,4,1201.23,1374.37,6.4
21.9704,101,10,1418.07,805.78,0,0,0,0,0,0,0,7,60,0,1730.82,941.03,0
21.9807,115,21,2069.57,1071.27,8.50323,1.49497,0,1,0,0,0,7,60,4,1462.3,1001.73,0
21.9815,116,27,1677.71,1286.02,7.23,2.8519,0,0,0,0,0,7,60,0,1879,2048.2,7.92
21.9896,127,46,2321.23,1878.77,0,0.0232471,0,1,0,0,0,7,60,4,1333.02,1268.67,9.49
21.9911,129,19,1459.93,998.13,0,0,0,0,0,0,0,7,60,0,2244.6,1165.08,15.33
21.9919,130,45,2036.58,1872.32,17.7536,3.14233,0,1,0,0,0,7,60,4,1860.17,1895.07,8.95
22.0022,9,27,1477.35,1366.45,7.11,2.79533,9.8,0,1,4,0.1,7,60,0,1742.39,958.375,0
22.0037,11,12,1787.87,905.536,16.54,2.51093,1.3,0,0,0,0,7,60,0,1266.78,1300.53,5.25
22.0133,24,28,1696.28,1278.62,11.5979,-2.66749,21.8,1,1,6,0.2,7,60,4,2293.25,1877.18,0
22.0148,26,27,1450.47,1376.13,14.06,2.79495,-1.7,0,0,0,0,7,60,0,1937.15,2225.66,10.56
22.017,29,27,1672.22,1263.28,5.75457,1.12207,-37.5,1,1,36,0.25,7,60,4,1599.08,1574.67,12.05
22.037,56,20,1785.49,1041.14,0,0.020868,0,1,0,0,0,7,60,4,1642.36,1195.27,11.5
22.04,60,19,1497.15,1007.14,0,0,0,0,0,0,0,7,60,0,1612.57,1837.08,14.78
22.0437,65,20,1719.13,979.98,0,0,0,0,0,0,0,7,60,0,1431.33,994.63,0
22.0481,71,18,1431.33,994.63,0,0.0203071,0,1,0,0,0,7,60,4,1438.23,995.98,0
22.0533,78,18,1445.12,997.33,0,0.0200451,0,1,0,64,0.05,7,60,4,1318.33,1278.84,6.88
22.0541,79,19,1613.41,1155.42,15.4821,1.1316,4.7,1,1,100,0.3,7,60,4,1823.94,1714.83,12.48
22.0644,93,19,1490.23,1006.13,0,0,0,0,0,0,0,7,60,0,2090.88,1881.2,6.6
22.0659,95,26,1250.86,1304.83,6.12,2.98379,8.2,0,1,6,0.2,7,60,0,1418.07,805.78,0
22.0667,96,19,1594.12,1118.73,8.327,1.09612,7.8,1,1,36,0.25,7,60,4,1201.36,1373.68,7.28
22.0704,101,10,1418.07,805.78,0,0,0,0,0,0,0,7,60,0,1730.82,941.03,0
22.0807,115,21,2069.64,1072.02,9.89539,1.48811,10.7,1,1,4,0.1,7,60,4,1462.3,1001.73,0
22.0815,116,27,1676.94,1286.25,8.09,2.85828,8.6,0,1,4,0.1,7,60,0,1878.85,2047.32,9.05
22.0896,127,46,2321.23,1878.77,0,0.0182027,0,1,0,0,0,7,60,4,1333.91,1268.21,11.02
22.0911,129,19,1459.93,998.13,0,0,0,0,0,0,0,7,60,0,2242.93,1165.34,16.99
22.0919,130,45,2035.08,1872.36,19.526,3.13005,13.5,1,1,4,0.1,7,60,4,1859.15,1895.23,10.42
22.1022,9,27,1476.68,1366.69,7.11,2.79533,0,0,0,0,0,7,60,0,1742.39,958.375,0
22.1037,11,12,1786.53,906.511,16.54,2.51093,0,0,0,0,0,7,60,0,1266.28,1300.67,5.25
22.1148,26,27,1449.15,1376.6,14.06,2.79495,0,0,0,0,0,7,60,0,1936.1,2225.74,10.56
22.117,29,27,1672.43,1263.68,5.76729,1.117,0,1,0,0,0,7,60,4,1600.28,1574.63,12.05
22.137,56,20,1785.49,1041.14,0,0.0157782,0,1,0,0,0,7,60,4,1641.82,1194.26,11.5
22.14,60,19,1497.15,1007.14,0,0,0,0,0,0,0,7,60,0,1612.88,1838.52,14.78
22.1437,65,20,1719.13,979.98,0,0,0,0,0,0,0,7,60,0,1431.33,994.63,0
22.1481,71,18,1431.33,994.63,0,0.0152079,0,1,0,0,0,7,60,4,1438.23,995.98,0
22.1533,78,18,1445.12,997.33,0,0.0149408,0,1,0,64,0.05,7,60,4,1318.97,1278.57,6.88
22.1541,79,19,1613.94,1156.5,15.5162,1.1265,0,1,0,64,0.05,7,60,4,1823.73,1713.6,12.48
22.1644,93,19,1490.23,1006.13,0,0,0,0,0,0,0,7,60,0,2091.53,1881.3,6.6
22.1659,95,26,1250.26,1304.93,6.12,2.98379,0,0,0,0,0,7,60,0,1418.07,805.78,0
22.1667,96,19,1594.42,1119.3,8.34528,1.09101,0,1,1,32,0.15,7,60,4,1201.5,1372.97,7.28
22.1704,101,10,1418.07,805.78,0,0,0,0,0,0,0,7,60,0,1730.82,941.03,0
22.1807,115,21,2069.72,1072.78,9.91707,1.48298,0,1,0,0,0,7,60,4,1462.3,1001.73,0
22.1815,116,27,1676.17,1286.47,8.09,2.85828,0,0,0,0,0,7,60,0,1878.69,2046.43,9.05
22.1896,127,46,2321.23,1878.77,0,0.0130691,0,1,0,0,0,7,60,4,1334.89,1267.7,11.02
22.1911,129,19,1459.93,998.13,0,0,0,0,0,0,0,7,60,0,2241.25,1165.6,16.99
22.1919,130,45,2033.56,1872.41,19.5688,3.12491,0,1,0,0,0,7,60,4,1858.13,1895.4,10.42
22.2022,9,27,1476.01,1366.93,7.11,2.79533,0,0,0,0,0,7,60,0,1742.39,958.375,0
22.2037,11,12,1785.2,907.487,16.54,2.51093,0,0,0,0,0,7,60,0,1265.77,1300.81,5.25
22.2148,26,27,1447.83,1377.08,14.06,2.79495,0,0,0,0,0,7,60,0,1935.05,2225.82,10.56
22.217,29,27,1672.63,1264.08,5.77986,1.11184,0,1,1,32,0.15,7,60,4,1601.48,1574.58,12.05
22.237,56,20,1785.49,1041.14,0,0.0106117,0,1,0,0,0,7,60,4,1641.28,1193.24,11.5
22.24,60,19,1497.15,1007.14,0,0,0,0,0,0,0,7,60,0,1613.19,1839.97,14.78
22.2437,65,20,1719.13,979.98,0,0,0,0,0,0,0,7,60,0,1431.33,994.63,0
22.2481,71,18,1431.33,994.63,0,0.0100337,0,1,0,0,0,7,60,4,1438.23,995.98,0
22.2533,78,18,1445.12,997.33,0,0.00976416,0,1,0,64,0.05,7,60,4,1319.6,1278.29,6.88
22.2541,79,19,1614.48,1157.58,15.5498,1.12132,0,1,1,96,0.2,7,60,4,1823.51,1712.37,12.48
22.2644,93,19,1490.23,1006.13,0,0,0,0,0,0,0,7,60,0,2092.18,1881.39,6.6
22.2659,95,26,1249.65,1305.02,6.12,2.98379,0,0,0,0,0,7,60,0,1418.07,805.78,0
22.2667,96,19,1594.73,1119.87,8.36335,1.08582,0,1,1,32,0.15,7,60,4,1201.64,1372.25,7.28
22.2704,101,10,1418.07,805.78,0,0,0,0,0,0,0,7,60,0,1730.82,941.03,0
22.2807,115,21,2069.8,1073.55,9.9385,1.47779,0,1,0,0,0,7,60,4,1462.3,1001.73,0
22.2815,116,27,1675.39,1286.7,8.09,2.85828,0,0,0,0,0,7,60,0,1878.54,2045.54,9.05
22.2896,127,46,2321.23,1878.77,0,0.00787148,0,1,0,0,0,7,60,4,1335.87,1267.19,11.02
22.2911,129,19,1459.93,998.13,0,0,0,0,0,0,0,7,60,0,2239.57,1165.86,16.99
22.2919,130,45,2032.04,1872.45,19.611,3.11971,0,1,0,0,0,7,60,4,1857.1,1895.57,10.42
22.3022,9,27,1475.34,1367.17,7.11,2.79533,0,0,0,0,0,7,60,0,1742.39,958.375,0
22.3037,11,12,1783.86,908.462,16.54,2.51093,0,0,0,0,0,7,60,0,1265.27,1300.95,5.25
22.3148,26,27,1446.5,1377.56,14.06,2.79495,0,0,0,0,0,7,60,0,1933.99,2225.89,10.56
22.317,29,27,1672.83,1264.48,5.79228,1.10663,0,1,1,32,0.15,7,60,4,1602.69,1574.54,12.05
22.337,56,20,1785.49,1041.14,0,0.00539263,0,1,0,0,0,7,60,4,1640.74,1192.23,11.5
22.34,60,19,1497.15,1007.14,0,0,0,0,0,0,0,7,60,0,1613.5,1841.41,14.78
22.3437,65,20,1719.13,979.98,0,0,0,0,0,0,0,7,60,0,1431.33,994.63,0
22.3481,71,18,1431.33,994.63,0,0.00481045,0,1,0,0,0,7,60,4,1438.23,995.98,0
22.3533,78,18,1445.12,997.33,0,0.00453902,0,1,0,64,0.05,7,60,4,1320.23,1278.02,6.88
22.3541,79,19,1615.01,1158.66,15.583,1.1161,0,1,1,96,0.2,7,60,4,1823.29,1711.14,12.48
22.3644,93,19,1490.23,1006.13,0,0,0,0,0,0,0,7,60,0,2092.84,1881.48,6.6
22.3659,95,26,1249.05,1305.12,6.12,2.98379,0,0,0,0,0,7,60,0,1418.07,805.78,0
22.3667,96,19,1595.04,1120.45,8.38119,1.08059,0,1,1,32,0.15,7,60,4,1201.77,1371.54,7.28
22.3704,101,10,1418.07,805.78,0,0,0,0,0,0,0,7,60,0,1730.82,941.03,0
22.3807,115,21,2069.88,1074.32,9.95965,1.47256,0,1,0,0,0,7,60,4,1462.3,1001.73,0
22.3815,116,27,1674.61,1286.92,8.09,2.85828,0,0,0,0,0,7,60,0,1878.39,2044.65,9.05
22.3896,127,46,2321.23,1878.77,0,0.00263531,0,1,0,0,0,7,60,4,1336.85,1266.69,11.02
22.3911,129,19,1459.93,998.13,0,0,0,0,0,0,0,7,60,0,2237.9,1166.13,16.99
22.3919,130,45,2030.52,1872.5,19.6526,3.11448,0,1,0,0,0,7,60,4,1856.07,1895.74,10.42
22.4022,9,27,1474.68,1367.42,7.11,2.79533,0,0,0,0,0,7,60,0,1742.39,958.375,0
22.4037,11,12,1782.53,909.437,16.54,2.51093,0,0,0,0,0,7,60,0,1264.76,1301.09,5.25
22.417,29,27,1673.04,1264.88,5.80454,1.10139,0,1,1,32,0.15,7,60,4,1603.89,1574.5,12.05
22.437,56,20,1785.49,1041.14,0,0.00014713,0,1,0,0,0,7,60,4,1640.2,1191.21,11.5
22.44,60,19,1497.15,1007.14,0,0,0,0,0,0,0,7,60,0,1613.81,1842.86,14.78
22.4437,65,20,1719.13,979.98,0,0,0,0,0,0,0,7,60,0,1431.33,994.63,0
22.4481,71,18,1431.33,994.63,0,-0.000435935,0,1,0,0,0,7,60,4,1438.23,995.98,0
22.4533,78,18,1445.12,997.33,0,-0.000708563,0,1,0,64,0.05,7,60,4,1320.86,1277.75,6.88
22.4541,79,19,1615.55,1159.74,15.6158,1.11085,0,1,1,96,0.2,7,60,4,1823.08,1709.91,12.48
22.4644,93,19,1490.23,1006.13,0,0,0,0,0,0,0,7,60,0,2093.49,1881.58,6.6
22.4659,95,26,1248.44,1305.22,6.12,2.98379,0,0,0,0,0,7,60,0,1418.07,805.78,0
22.4667,96,19,1595.35,1121.02,8.39879,1.07534,0,1,1,32,0.15,7,60,4,1201.91,1370.82,7.28
22.4704,101,10,1418.07,805.78,0,0,0,0,0,0,0,7,60,0,1730.82,941.03,0
22.4807,115,21,2069.95,1075.08,9.98052,1.46731,0,1,0,0,0,7,60,4,1462.3,1001.73,0
22.4815,116,27,1673.84,1287.15,8.09,2.85828,0,0,0,0,0,7,60,0,1878.23,2043.76,9.05
22.4896,127,46,2321.23,1878.77,0,-0.00261309,0,1,0,0,0,7,60,4,1337.83,1266.18,11.02
22.4911,129,19,1459.93,998.13,0,0,0,0,0,0,0,7,60,0,2236.22,1166.39,16.99
22.4919,130,45,2029,1872.54,19.6937,3.10923,0,1,0,0,0,7,60,4,1855.04,1895.9,10.42
22.5022,9,27,1474.01,1367.66,7.11,2.79533,0,0,0,0,0,7,60,0,1742.39,958.375,0
22.5037,11,12,1781.19,910.413,16.54,2.51093,0,0,0,0,0,7,60,0,1264.25,1301.23,5.25
22.517,29,27,1673.24,1265.28,5.81663,1.09614,0,1,1,32,0.15,7,60,4,1605.1,1574.45,12.05
22.537,56,20,1785.49,1041.14,0,-0.00509909,0,1,0,0,0,7,60,4,1639.66,1190.2,11.5
22.54,60,19,1497.15,1007.14,0,0,0,0,0,0,0,7,60,0,1614.12,1844.3,14.78
22.5437,65,20,1719.13,979.98,0,0,0,0,0,0,0,7,60,0,1431.33,994.63,0
22.5481,71,18,1431.33,994.63,0,-0.00568065,0,1,0,0,0,7,60,4,1438.23,995.98,0
22.5533,78,18,1445.12,997.33,0,-0.00595179,0,1,0,64,0.05,7,60,4,1321.49,1277.48,6.88
22.5541,79,19,1616.08,1160.82,15.6482,1.1056,0,1,1,96,0.2,7,60,4,1822.86,1708.68,12.48
22.5644,93,19,1490.23,1006.13,0,0,0,0,0,0,0,7,60,0,2094.14,1881.67,6.6
22.5659,95,26,1247.84,1305.31,6.12,2.98379,0,0,0,0,0,7,60,0,1418.07,805.78,0
22.5667,96,19,1595.65,1121.59,8.41613,1.0701,0,1,1,32,0.15,7,60,4,1202.05,1370.11,7.28
22.5704,101,10,1418.07,805.78,0,0,0,0,0,0,0,7,60,0,1730.82,941.03,0
22.5807,115,21,2070.03,1075.85,10.0011,1.46207,0,1,0,0,0,7,60,4,1462.3,1001.73,0
22.5815,116,27,1673.06,1287.38,8.09,2.85828,0,0,0,0,0,7,60,0,1878.08,2042.86,9.05
22.5896,127,46,2321.23,1878.77,0,-0.00784938,0,1,0,0,0,7,60,4,1338.8,1265.68,11.02
22.5911,129,19,1459.93,998.13,0,0,0,0,0,0,0,7,60,0,2234.54,1166.65,16.99
22.5919,130,45,2027.48,1872.59,19.7342,3.10399,0,1,0,0,0,7,60,4,1854.01,1896.07,10.42
22.6022,9,27,1473.34,1367.9,7.11,2.79533,0,0,0,0,0,7,60,0,1742.39,958.375,0
22.6037,11,12,1779.86,911.388,16.54,2.51093,0,0,0,0,0,7,60,0,1263.75,1301.37,5.25
22.617,29,27,1673.44,1265.68,5.82853,1.09092,0,1,1,32,0.15,7,60,4,1606.3,1574.41,12.05
22.637,56,20,1785.49,1041.14,0,-0.0103197,0,1,0,0,0,7,60,4,1639.11,1189.18,11.5
22.64,60,19,1497.15,1007.14,0,0,0,0,0,0,0,7,60,0,1614.43,1845.75,14.78
22.6437,65,20,1719.13,979.98,0,0,0,0,0,0,0,7,60,0,1431.33,994.63,0
22.6481,71,18,1431.33,994.63,0,-0.0108975,0,1,0,0,0,7,60,4,1438.23,995.98,0
22.6533,78,18,1445.12,997.33,0,-0.0111665,0,1,0,64,0.05,7,60,4,1322.12,1277.2,6.88
22.6541,79,19,1616.62,1161.91,15.68,1.10039,0,1,1,96,0.2,7,60,4,1822.64,1707.45,12.48
22.6644,93,19,1490.23,1006.13,0,0,0,0,0,0,0,7,60,0,2094.8,1881.77,6.6
22.6659,95,26,1247.24,1305.41,6.12,2.98379,0,0,0,0,0,7,60,0,1418.07,805.78,0
22.6667,96,19,1595.96,1122.16,8.4332,1.06489,0,1,1,32,0.15,7,60,4,1202.19,1369.4,7.28
22.6704,101,10,1418.07,805.78,0,0,0,0,0,0,0,7,60,0,1730.82,941.03,0
22.6807,115,21,2070.11,1076.62,10.0213,1.45687,0,1,0,0,0,7,60,4,1462.3,1001.73,0
22.6815,116,27,1672.28,1287.6,8.09,2.85828,0,0,0,0,0,7,60,0,1877.93,2041.97,9.05
22.6896,127,46,2321.23,1878.77,0,-0.0130472,0,1,0,0,0,7,60,4,1339.78,1265.17,11.02
22.6911,129,19,1459.93,998.13,0,0,0,0,0,0,0,7,60,0,2232.86,1166.92,16.99
22.6919,130,45,2025.96,1872.63,19.7741,3.0988,0,1,0,0,0,7,60,4,1852.98,1896.24,10.42
22.7022,9,27,1472.67,1368.14,7.11,2.79533,0,0,0,0,0,7,60,0,1742.39,958.375,0
22.7037,11,12,1778.52,912.363,16.54,2.51093,0,0,0,0,0,7,60,0,1263.24,1301.51,5.25
22.717,29,27,1673.65,1266.08,5.84024,1.08573,0,1,1,32,0.15,7,60,4,1607.51,1574.36,12.05
22.737,56,20,1785.49,1041.14,0,-0.0154904,0,1,0,0,0,7,60,4,1638.57,1188.17,11.5
22.74,60,19,1497.15,1007.14,0,0,0,0,0,0,0,7,60,0,1614.74,1847.19,14.78
22.7437,65,20,1719.13,979.98,0,0,0,0,0,0,0,7,60,0,1431.33,994.63,0
22.7481,71,18,1431.33,994.63,0,-0.0160611,0,1,0,0,0,7,60,4,1438.23,995.98,0
22.7533,78,18,1445.12,997.33,0,-0.0163266,0,1,0,64,0.05,7,60,4,1322.75,1276.93,6.88
22.7541,79,19,1617.15,1162.99,15.7112,1.09523,0,1,1,96,0.2,7,60,4,1822.43,1706.22,12.48
22.7644,93,19,1490.23,1006.13,0,0,0,0,0,0,0,7,60,0,2095.45,1881.86,6.6
22.7659,95,26,1246.63,1305.5,6.12,2.98379,0,0,0,0,0,7,60,0,1418.07,805.78,0
22.7667,96,19,1596.27,1122.73,8.44998,1.05974,0,1,1,32,0.15,7,60,4,1202.32,1368.68,7.28
22.7704,101,10,1418.07,805.78,0,0,0,0,0,0,0,7,60,0,1730.82,941.03,0
22.7807,115,21,2070.19,1077.39,10.0412,1.45173,0,1,0,0,0,7,60,4,1462.3,1001.73,0
22.7815,116,27,1671.51,1287.83,8.09,2.85828,0,0,0,0,0,7,60,0,1877.77,2041.08,9.05
22.7896,127,46,2321.23,1878.77,0,-0.0181811,0,1,0,0,0,7,60,4,1340.76,1264.67,11.02
22.7911,129,19,1459.93,998.13,0,0,0,0,0,0,0,7,60,0,2231.18,1167.18,16.99
22.7919,130,45,2024.44,1872.68,19.8132,3.09366,0,1,0,0,0,7,60,4,1851.96,1896.41,10.42
22.8022,9,27,1472,1368.38,7.11,2.79533,0,0,0,0,0,7,60,0,1742.39,958.375,0
22.8037,11,12,1777.18,913.339,16.54,2.51093,0,0,0,0,0,7,60,0,1262.74,1301.65,5.25
22.817,29,27,1673.85,1266.48,5.85175,1.08062,0,1,1,32,0.15,7,60,4,1608.71,1574.32,12.05
22.837,56,20,1785.49,1041.14,0,-0.0205852,0,1,0,0,0,7,60,4,1638.03,1187.15,11.5
22.84,60,19,1497.15,1007.14,0,0,0,0,0,0,0,7,60,0,1615.05,1848.64,14.78
22.8437,65,20,1719.13,979.98,0,0,0,0,0,0,0,7,60,0,1431.33,994.63,0
22.8481,71,18,1431.33,994.63,0,-0.0211452,0,1,0,0,0,7,60,4,1438.23,995.98,0
22.8533,78,18,1445.12,997.33,0,-0.0214065,0,1,0,64,0.05,7,60,4,1323.39,1276.66,6.88
22.8541,79,19,1617.69,1164.07,15.742,1.09015,0,1,1,96,0.2,7,60,4,1822.21,1704.99,12.48
22.8644,93,19,1490.23,1006.13,0,0,0,0,0,0,0,7,60,0,2096.1,1881.96,6.6
22.8659,95,26,1246.03,1305.6,6.12,2.98379,0,0,0,0,0,7,60,0,1418.07,805.78,0
22.8667,96,19,1596.58,1123.3,8.46645,1.05467,0,1,1,32,0.15,7,60,4,1202.46,1367.97,7.28
22.8704,101,10,1418.07,805.78,0,0,0,0,0,0,0,7,60,0,1730.82,941.03,0
22.8807,115,21,2070.27,1078.15,10.0607,1.44667,0,1,0,0,0,7,60,4,1462.3,1001.73,0
22.8815,116,27,1670.73,1288.05,8.09,2.85828,0,0,0,0,0,7,60,0,1877.62,2040.19,9.05
22.8896,127,46,2321.23,1878.77,0,-0.0232254,0,1,0,0,0,7,60,4,1341.74,1264.16,11.02
22.8911,129,19,1459.93,998.13,0,0,0,0,0,0,0,7,60,0,2229.5,1167.44,16.99
22.8919,130,45,2022.92,1872.72,19.8516,3.08862,0,1,0,0,0,7,60,4,1850.93,1896.57,10.42
22.9022,9,27,1471.33,1368.62,7.11,2.79533,0,0,0,0,0,7,60,0,1742.39,958.375,0
22.9037,11,12,1775.85,914.314,16.54,2.51093,0,0,0,0,0,7,60,0,1262.23,1301.79,5.25
22.917,29,27,1674.05,1266.88,5.86304,1.07561,0,1,1,32,0.15,7,60,4,1609.91,1574.28,12.05
22.937,56,20,1785.49,1041.14,0,-0.0255787,0,1,0,0,0,7,60,4,1637.49,1186.14,11.5
22.94,60,19,1497.15,1007.14,0,0,0,0,0,0,0,7,60,0,1615.36,1850.08,14.78
22.9437,65,20,1719.13,979.98,0,0,0,0,0,0,0,7,60,0,1431.33,994.63,0
22.9533,78,18,1445.12,997.33,0,-0.0263813,0,1,0,64,0.05,7,60,4,1324.02,1276.38,6.88
22.9541,79,19,1618.22,1165.15,15.7721,1.08518,0,1,1,96,0.2,7,60,4,1821.99,1703.76,12.48
22.9644,93,19,1490.23,1006.13,0,0,0,0,0,0,0,7,60,0,2096.76,1882.05,6.6
22.9659,95,26,1245.42,1305.7,6.12,2.98379,0,0,0,0,0,7,60,0,1418.07,805.78,0
22.9667,96,19,1596.88,1123.87,8.48261,1.04971,0,1,1,32,0.15,7,60,4,1202.6,1367.25,7.28
22.9704,101,10,1418.07,805.78,0,0,0,0,0,0,0,7,60,0,1730.82,941.03,0
22.9807,115,21,2070.34,1078.92,10.0799,1.44173,0,1,0,0,0,7,60,4,1462.3,1001.73,0
22.9815,116,27,1669.95,1288.28,8.09,2.85828,0,0,0,0,0,7,60,0,1877.47,2039.3,9.05
22.9896,127,46,2321.23,1878.77,0,-0.0281565,0,1,0,0,0,7,60,4,1342.72,1263.65,11.02
22.9911,129,19,1459.93,998.13,0,0,0,0,0,0,0,7,60,0,2227.82,1167.7,16.99
22.9919,130,45,2021.4,1872.77,19.8893,3.08369,0,1,0,0,0,7,60,4,1849.9,1896.74,10.42
23.0022,9,27,1470.66,1368.86,7.73,2.7967,6.2,0,1,4,0.1,7,60,0,1742.39,958.375,0
23.0037,11,12,1774.53,915.275,16.16,2.51148,-3.8,0,0,0,0,7,60,0,1261.72,1301.93,6.13
23.017,29,27,1674.22,1267.22,0.156992,1.0768,-43.7,1,1,164,0.35,7,60,4,1611.13,1574.23,12.57
23.037,56,20,1785.49,1041.14,0,-0.0304477,0,1,0,0,0,7,60,4,1636.94,1185.13,11.57
23.04,60,19,1497.15,1007.14,0,0,0,0,0,0,0,7,60,0,1615.68,1851.61,16.83
23.0437,65,20,1719.13,979.98,0,0,0,0,0,0,0,7,60,0,1431.33,994.63,0
23.0533,78,18,1445.12,997.33,0,-0.0312277,0,1,0,64,0.05,7,60,4,1324.69,1276.08,7.75
23.0541,79,19,1618.77,1166.26,16.4169,1.07696,4.7,1,1,100,0.3,7,60,4,1821.78,1702.55,12.27
23.0644,93,19,1490.23,1006.13,0,0,0,0,0,0,0,7,60,0,2097.46,1882.19,7.5
23.0659,95,26,1244.73,1305.76,7.38,3.08179,12.6,0,1,6,0.2,7,60,0,1418.07,805.78,0
23.0667,96,19,1597.22,1124.5,10.0829,1.04561,12.1,1,1,36,0.25,7,60,4,1202.75,1366.49,7.98
23.0704,101,10,1418.07,805.78,0,0,0,0,0,0,0,7,60,0,1730.82,941.03,0
23.0807,115,21,2070.43,1079.78,11.5918,1.43759,11.4,1,1,4,0.1,7,60,4,1462.3,1001.73,0
23.0815,116,27,1669.08,1288.55,9.37,2.84309,12.8,0,1,4,0.1,7,60,0,1877.3,2038.32,10.11
23.0896,127,46,2321.23,1878.77,0,-0.0329497,0,1,0,0,0,7,60,4,1343.78,1263.06,13.44
23.0911,129,19,1459.93,998.13,0,0,0,0,0,0,0,7,60,0,2226.23,1167.95,16.03
23.0919,130,45,2020.1,1872.55,17.3847,-2.99499,-19.4,1,1,6,0.2,7,60,4,1848.89,1896.92,10.24
23.1022,9,27,1469.93,1369.12,7.73,2.7967,0,0,0,0,0,7,60,0,1742.39,958.375,0
23.1037,11,12,1773.23,916.227,16.16,2.51148,0,0,0,0,0,7,60,0,1261.13,1302.1,6.13
23.117,29,27,1674.23,1267.23,0.157281,1.07205,0,1,1,128,0.1,7,60,4,1612.38,1574.19,12.57
23.137,56,20,1785.49,1041.14,0,-0.035167,0,1,0,0,0,7,60,4,1636.38,1184.11,11.57
23.14,60,19,1497.15,1007.14,0,0,0,0,0,0,0,7,60,0,1616,1853.26,16.83
23.1437,65,20,1719.13,979.98,0,0,0,0,0,0,0,7,60,0,1431.33,994.63,0
23.1533,78,18,1445.12,997.33,0,-0.0359204,0,1,0,64,0.05,7,60,4,1325.39,1275.76,7.75
23.1541,79,19,1619.33,1167.38,16.4469,1.07226,0,1,0,64,0.05,7,60,4,1821.56,1701.34,12.27
23.1644,93,19,1490.23,1006.13,0,0,0,0,0,0,0,7,60,0,2098.19,1882.36,7.5
23.1659,95,26,1243.99,1305.8,7.38,3.08179,0,0,0,0,0,7,60,0,1418.07,805.78,0
23.1667,96,19,1597.59,1125.18,10.1013,1.04094,0,1,1,32,0.15,7,60,4,1202.91,1365.71,7.98
23.1704,101,10,1418.07,805.78,0,0,0,0,0,0,0,7,60,0,1730.82,941.03,0
23.1807,115,21,2070.52,1080.66,11.6128,1.43294,0,1,0,0,0,7,60,4,1462.3,1001.73,0
23.1815,116,27,1668.18,1288.82,9.37,2.84309,0,0,0,0,0,7,60,0,1877.13,2037.32,10.11
23.1896,127,46,2321.23,1878.77,0,-0.0375815,0,1,0,0,0,7,60,4,1344.95,1262.4,13.44
23.1911,129,19,1459.93,998.13,0,0,0,0,0,0,0,7,60,0,2224.65,1168.2,16.03
23.1919,130,45,2018.8,1872.32,17.4161,-2.99962,0,1,0,0,0,7,60,4,1847.88,1897.09,10.24
23.2022,9,27,1469.21,1369.39,7.73,2.7967,0,0,0,0,0,7,60,0,1742.39,958.375,0
23.2037,11,12,1771.92,917.18,16.16,2.51148,0,0,0,0,0,7,60,0,1260.54,1302.26,6.13
23.217,29,27,1674.23,1267.24,0.157564,1.06747,0,1,1,160,0.25,7,60,4,1613.64,1574.14,12.57
23.237,56,20,1785.49,1041.14,0,-0.039714,0,1,0,0,0,7,60,4,1635.82,1183.1,11.57
23.24,60,19,1497.15,1007.14,0,0,0,0,0,0,0,7,60,0,1616.33,1854.91,16.83
23.2437,65,20,1719.13,979.98,0,0,0,0,0,0,0,7,60,0,1431.33,994.63,0
23.2533,78,18,1445.12,997.33,0,-0.0404372,0,1,0,64,0.05,7,60,4,1326.1,1275.43,7.75
23.2541,79,19,1619.89,1168.5,16.4762,1.06775,0,1,1,96,0.2,7,60,4,1821.35,1700.13,12.27
23.2644,93,19,1490.23,1006.13,0,0,0,0,0,0,0,7,60,0,2098.92,1882.53,7.5
23.2659,95,26,1243.26,1305.85,7.38,3.08179,0,0,0,0,0,7,60,0,1418.07,805.78,0
23.2667,96,19,1597.95,1125.86,10.1192,1.03645,0,1,1,32,0.15,7,60,4,1203.06,1364.93,7.98
23.2704,101,10,1418.07,805.78,0,0,0,0,0,0,0,7,60,0,1730.82,941.03,0
23.2807,115,21,2070.61,1081.54,11.6334,1.42847,0,1,0,0,0,7,60,4,1462.3,1001.73,0
23.2815,116,27,1667.29,1289.1,9.37,2.84309,0,0,0,0,0,7,60,0,1876.96,2036.33,10.11
23.2896,127,46,2321.23,1878.77,0,-0.0420292,0,1,0,0,0,7,60,4,1346.12,1261.74,13.44
23.2911,129,19,1459.93,998.13,0,0,0,0,0,0,0,7,60,0,2223.07,1168.45,16.03
23.2919,130,45,2017.49,1872.08,17.4468,-3.00406,0,1,0,0,0,7,60,4,1846.87,1897.27,10.24
23.3022,9,27,1468.48,1369.65,7.73,2.7967,0,0,0,0,0,7,60,0,1742.39,958.375,0
23.3037,11,12,1770.61,918.132,16.16,2.51148,0,0,0,0,0,7,60,0,1259.95,1302.42,6.13
23.317,29,27,1674.24,1267.25,0.15784,1.06308,0,1,1,160,0.25,7,60,4,1614.89,1574.09,12.57
23.337,56,20,1785.49,1041.14,0,-0.044067,0,1,0,0,0,7,60,4,1635.26,1182.09,11.57
23.34,60,19,1497.15,1007.14,0,0,0,0,0,0,0,7,60,0,1616.65,1856.57,16.83
23.3437,65,20,1719.13,979.98,0,0,0,0,0,0,0,7,60,0,1431.33,994.63,0
23.3533,78,18,1445.12,997.33,0,-0.044756,0,1,0,64,0.05,7,60,4,1326.8,1275.11,7.75
23.3541,79,19,1620.45,1169.62,16.5048,1.06343,0,1,1,96,0.2,7,60,4,1821.13,1698.92,12.27
23.3644,93,19,1490.23,1006.13,0,0,0,0,0,0,0,7,60,0,2099.65,1882.69,7.5
23.3659,95,26,1242.52,1305.89,7.38,3.08179,0,0,0,0,0,7,60,0,1418.07,805.78,0
23.3667,96,19,1598.32,1126.54,10.1367,1.03216,0,1,1,32,0.15,7,60,4,1203.22,1364.14,7.98
23.3704,101,10,1418.07,805.78,0,0,0,0,0,0,0,7,60,0,1730.82,941.03,0
23.3807,115,21,2070.7,1082.42,11.6534,1.42421,0,1,0,0,0,7,60,4,1462.3,1001.73,0
23.3815,116,27,1666.39,1289.37,9.37,2.84309,0,0,0,0,0,7,60,0,1876.79,2035.33,10.11
23.3896,127,46,2321.23,1878.77,0,-0.0462705,0,1,0,0,0,7,60,4,1347.3,1261.08,13.44
23.3911,129,19,1459.93,998.13,0,0,0,0,0,0,0,7,60,0,2221.48,1168.7,16.03
23.3919,130,45,2016.18,1871.84,17.4768,-3.0083,0,1,0,0,0,7,60,4,1845.86,1897.44,10.24
23.4022,9,27,1467.75,1369.91,7.73,2.7967,0,0,0,0,0,7,60,0,1742.39,958.375,0
23.4037,11,12,1769.31,919.084,16.16,2.51148,0,0,0,0,0,7,60,0,1259.36,1302.58,6.13
23.417,29,27,1674.25,1267.26,0.158109,1.05889,0,1,1,32,0.15,7,60,4,1616.15,1574.05,12.57
23.437,56,20,1785.49,1041.14,0,-0.0482037,0,1,0,0,0,7,60,4,1634.7,1181.08,11.57
23.44,60,19,1497.15,1007.14,0,0,0,0,0,0,0,7,60,0,1616.98,1858.22,16.83
23.4437,65,20,1719.13,979.98,0,0,0,0,0,0,0,7,60,0,1431.33,994.63,0
23.4533,78,18,1445.12,997.33,0,-0.0488561,0,1,0,64,0.05,7,60,4,1327.5,1274.79,7.75
23.4541,79,19,1621.01,1170.75,16.5326,1.05933,0,1,1,96,0.2,7,60,4,1820.92,1697.71,12.27
23.4644,93,19,1490.23,1006.13,0,0,0,0,0,0,0,7,60,0,2100.38,1882.86,7.5
23.4659,95,26,1241.78,1305.93,7.38,3.08179,0,0,0,0,0,7,60,0,1418.07,805.78,0
23.4667,96,19,1598.68,1127.21,10.1537,1.02809,0,1,1,32,0.15,7,60,4,1203.38,1363.36,7.98
23.4704,101,10,1418.07,805.78,0,0,0,0,0,0,0,7,60,0,1730.82,941.03,0
23.4807,115,21,2070.79,1083.3,11.6729,1.42018,0,1,0,0,0,7,60,4,1462.3,1001.73,0
23.4815,116,27,1665.5,1289.65,9.37,2.84309,0,0,0,0,0,7,60,0,1876.62,2034.33,10.11
23.4896,127,46,2321.23,1878.77,0,-0.0502857,0,1,0,0,0,7,60,4,1348.47,1260.43,13.44
23.4911,129,19,1459.93,998.13,0,0,0,0,0,0,0,7,60,0,2219.9,1168.95,16.03
23.4919,130,45,2014.88,1871.6,17.5059,-3.01231,0,1,0,0,0,7,60,4,1844.85,1897.62,10.24
23.5022,9,27,1467.02,1370.17,7.73,2.7967,0,0,0,0,0,7,60,0,1742.39,958.375,0
23.5037,11,12,1768,920.036,16.16,2.51148,0,0,0,0,0,7,60,0,1258.77,1302.75,6.13
23.517,29,27,1674.25,1267.27,0.15837,1.05494,0,1,1,32,0.15,7,60,4,1617.41,1574,12.57
23.537,56,20,1785.49,1041.14,0,-0.0521043,0,1,0,0,0,7,60,4,1634.14,1180.06,11.57
23.54,60,19,1497.15,1007.14,0,0,0,0,0,0,0,7,60,0,1617.3,1859.87,16.83
23.5437,65,20,1719.13,979.98,0,0,0,0,0,0,0,7,60,0,1431.33,994.63,0
23.5533,78,18,1445.12,997.33,0,-0.0527163,0,1,0,64,0.05,7,60,4,1328.21,1274.46,7.75
23.5541,79,19,1621.57,1171.87,16.5596,1.05547,0,1,1,96,0.2,7,60,4,1820.71,1696.51,12.27
23.5644,93,19,1490.23,1006.13,0,0,0,0,0,0,0,7,60,0,2101.12,1883.03,7.5
23.5659,95,26,1241.05,1305.98,7.38,3.08179,0,0,0,0,0,7,60,0,1418.07,805.78,0
23.5667,96,19,1599.05,1127.89,10.1703,1.02426,0,1,1,32,0.15,7,60,4,1203.53,1362.58,7.98
23.5704,101,10,1418.07,805.78,0,0,0,0,0,0,0,7,60,0,1730.82,941.03,0
23.5807,115,21,2070.88,1084.18,11.6918,1.41639,0,1,0,0,0,7,60,4,1462.3,1001.73,0
23.5815,116,27,1664.6,1289.92,9.37,2.84309,0,0,0,0,0,7,60,0,1876.45,2033.34,10.11
23.5896,127,46,2321.23,1878.77,0,-0.0540546,0,1,0,0,0,7,60,4,1349.64,1259.77,13.44
23.5911,129,19,1459.93,998.13,0,0,0,0,0,0,0,7,60,0,2218.31,1169.19,16.03
23.5919,130,45,2013.57,1871.37,17.5342,-3.01607,0,1,0,0,0,7,60,4,1843.84,1897.79,10.24
23.6022,9,27,1466.3,1370.43,7.73,2.7967,0,0,0,0,0,7,60,0,1742.39,958.375,0
23.6037,11,12,1766.7,920.989,16.16,2.51148,0,0,0,0,0,7,60,0,1258.18,1302.91,6.13
23.617,29,27,1674.26,1267.28,0.158625,1.05125,0,1,1,32,0.15,7,60,4,1618.66,1573.96,12.57
23.637,56,20,1785.49,1041.14,0,-0.0557497,0,1,0,0,0,7,60,4,1633.58,1179.05,11.57
23.64,60,19,1497.15,1007.14,0,0,0,0,0,0,0,7,60,0,1617.63,1861.52,16.83
23.6437,65,20,1719.13,979.98,0,0,0,0,0,0,0,7,60,0,1431.33,994.63,0
23.6533,78,18,1445.12,997.33,0,-0.0563184,0,1,0,64,0.05,7,60,4,1328.91,1274.14,7.75
23.6541,79,19,1622.13,1172.99,16.5859,1.05187,0,1,1,96,0.2,7,60,4,1820.49,1695.3,12.27
23.6644,93,19,1490.23,1006.13,0,0,0,0,0,0,0,7,60,0,2101.85,1883.2,7.5
23.6659,95,26,1240.31,1306.02,7.38,3.08179,0,0,0,0,0,7,60,0,1418.07,805.78,0
23.6667,96,19,1599.41,1128.57,10.1863,1.02069,0,1,1,32,0.15,7,60,4,1203.69,1361.8,7.98
23.6704,101,10,1418.07,805.78,0,0,0,0,0,0,0,7,60,0,1730.82,941.03,0
23.6807,115,21,2070.96,1085.06,11.7102,1.41286,0,1,0,0,0,7,60,4,1462.3,1001.73,0
23.6815,116,27,1663.71,1290.2,9.37,2.84309,0,0,0,0,0,7,60,0,1876.27,2032.34,10.11
23.6896,127,46,2321.23,1878.77,0,-0.0575588,0,1,0,0,0,7,60,4,1350.81,1259.11,13.44
23.6911,129,19,1459.93,998.13,0,0,0,0,0,0,0,7,60,0,2216.73,1169.44,16.03
23.6919,130,45,2012.27,1871.13,17.5617,-3.01957,0,1,0,0,0,7,60,4,1842.83,1897.97,10.24
23.7022,9,27,1465.57,1370.69,7.73,2.7967,0,0,0,0,0,7,60,0,1742.39,958.375,0
23.7037,11,12,1765.39,921.941,16.16,2.51148,0,0,0,0,0,7,60,0,1257.58,1303.07,6.13
23.717,29,27,1674.26,1267.29,0.158871,1.04782,0,1,1,32,0.15,7,60,4,1619.92,1573.91,12.57
23.737,56,20,1785.49,1041.14,0,-0.0591225,0,1,0,0,0,7,60,4,1633.02,1178.04,11.57
23.74,60,19,1497.15,1007.14,0,0,0,0,0,0,0,7,60,0,1617.95,1863.17,16.83
23.7437,65,20,1719.13,979.98,0,0,0,0,0,0,0,7,60,0,1431.33,994.63,0
23.7533,78,18,1445.12,997.33,0,-0.0596446,0,1,0,64,0.05,7,60,4,1329.62,1273.81,7.75
23.7541,79,19,1622.69,1174.11,16.6113,1.04855,0,1,1,96,0.2,7,60,4,1820.28,1694.09,12.27
23.7644,93,19,1490.23,1006.13,0,0,0,0,0,0,0,7,60,0,2102.58,1883.36,7.5
23.7659,95,26,1239.57,1306.07,7.38,3.08179,0,0,0,0,0,7,60,0,1418.07,805.78,0
23.7667,96,19,1599.78,1129.25,10.2019,1.01741,0,1,1,32,0.15,7,60,4,1203.85,1361.01,7.98
23.7704,101,10,1418.07,805.78,0,0,0,0,0,0,0,7,60,0,1730.82,941.03,0
23.7807,115,21,2071.05,1085.94,11.728,1.40961,0,1,0,0,0,7,60,4,1462.3,1001.73,0
23.7815,116,27,1662.81,1290.48,9.37,2.84309,0,0,0,0,0,7,60,0,1876.1,2031.34,10.11
23.7896,127,46,2321.23,1878.77,0,-0.0607806,0,1,0,0,0,7,60,4,1351.98,1258.45,13.44
23.7911,129,19,1459.93,998.13,0,0,0,0,0,0,0,7,60,0,2215.15,1169.69,16.03
23.7919,130,45,2010.96,1870.89,17.5883,-3.02278,0,1,0,0,0,7,60,4,1841.83,1898.14,10.24
23.8022,9,27,1464.84,1370.95,7.73,2.7967,0,0,0,0,0,7,60,0,1742.39,958.375,0
23.8037,11,12,1764.09,922.893,16.16,2.51148,0,0,0,0,0,7,60,0,1256.99,1303.24,6.13
23.817,29,27,1674.27,1267.3,0.159109,1.04468,0,1,1,32,0.15,7,60,4,1621.17,1573.86,12.57
23.837,56,20,1785.49,1041.14,0,-0.0622052,0,1,0,0,0,7,60,4,1632.46,1177.03,11.57
23.84,60,19,1497.15,1007.14,0,0,0,0,0,0,0,7,60,0,1618.28,1864.82,16.83
23.8437,65,20,1719.13,979.98,0,0,0,0,0,0,0,7,60,0,1431.33,994.63,0
23.8533,78,18,1445.12,997.33,0,-0.062679,0,1,0,64,0.05,7,60,4,1330.32,1273.49,7.75
23.8541,79,19,1623.25,1175.23,16.6359,1.04552,0,1,1,96,0.2,7,60,4,1820.06,1692.88,12.27
23.8644,93,19,1490.23,1006.13,0,0,0,0,0,0,0,7,60,0,2103.31,1883.53,7.5
23.8593,86,36,1816.83,1692.98,16.1743,-1.80868,0,1,0,0,0,7,60,4,1347.85,1264.46,8.89
23.8659,95,26,1238.84,1306.11,7.38,3.08179,0,0,0,0,0,7,60,0,1418.07,805.78,0
23.8667,96,19,1600.14,1129.93,10.2169,1.01441,0,1,1,32,0.15,7,60,4,1204.01,1360.23,7.98
23.8704,101,10,1418.07,805.78,0,0,0,0,0,0,0,7,60,0,1730.82,941.03,0
23.8807,115,21,2071.14,1086.82,11.7452,1.40666,0,1,0,0,0,7,60,4,1462.3,1001.73,0
23.8815,116,27,1661.92,1290.75,9.37,2.84309,0,0,0,0,0,7,60,0,1875.93,2030.35,10.11
23.8896,127,46,2321.23,1878.77,0,-0.0637051,0,1,0,0,0,7,60,4,1353.15,1257.79,13.44
23.8911,129,19,1459.93,998.13,0,0,0,0,0,0,0,7,60,0,2213.56,1169.94,16.03
23.8919,130,45,2009.66,1870.66,17.614,-3.0257,0,1,0,0,0,7,60,4,1840.82,1898.32,10.24
23.9022,9,27,1464.11,1371.22,7.73,2.7967,0,0,0,0,0,7,60,0,1742.39,958.375,0
23.9037,11,12,1762.78,923.845,16.16,2.51148,0,0,0,0,0,7,60,0,1256.4,1303.4,6.13
23.917,29,27,1674.27,1267.31,0.15934,1.04184,0,1,1,32,0.15,7,60,4,1622.43,1573.82,12.57
23.937,56,20,1785.49,1041.14,0,-0.0649832,0,1,0,0,0,7,60,4,1631.9,1176.01,11.57
23.94,60,19,1497.15,1007.14,0,0,0,0,0,0,0,7,60,0,1618.6,1866.47,16.83
23.9437,65,20,1719.13,979.98,0,0,0,0,0,0,0,7,60,0,1431.33,994.63,0
23.9533,78,18,1445.12,997.33,0,-0.0654062,0,1,0,64,0.05,7,60,4,1331.02,1273.17,7.75
23.9541,79,19,1623.81,1176.36,16.6597,1.04279,0,1,1,96,0.2,7,60,4,1819.85,1691.67,12.27
23.9593,86,36,1816.62,1691.78,16.1959,-1.81122,0,1,0,0,0,7,60,4,1348.58,1264.06,8.89
23.9644,93,19,1490.23,1006.13,0,0,0,0,0,0,0,7,60,0,2104.04,1883.7,7.5
23.9659,95,26,1238.1,1306.15,7.38,3.08179,0,0,0,0,0,7,60,0,1418.07,805.78,0
23.9667,96,19,1600.5,1130.61,10.2314,1.01173,0,1,1,32,0.15,7,60,4,1204.16,1359.45,7.98
23.9704,101,10,1418.07,805.78,0,0,0,0,0,0,0,7,60,0,1730.82,941.03,0
23.9807,115,21,2071.23,1087.7,11.7618,1.40402,0,1,0,0,0,7,60,4,1462.3,1001.73,0
23.9815,116,27,1661.02,1291.03,9.37,2.84309,0,0,0,0,0,7,60,0,1875.76,2029.35,10.11
23.9896,127,46,2321.23,1878.77,0,-0.0663175,0,1,0,0,0,7,60,4,1354.33,1257.13,13.44
23.9911,129,19,1459.93,998.13,0,0,0,0,0,0,0,7,60,0,2211.98,1170.19,16.03
23.9919,130,45,2008.35,1870.42,17.6387,-3.02831,0,1,0,0,0,7,60,4,1839.81,1898.49,10.24
24.0022,9,27,1463.38,1371.48,8.79,2.79626,10.6,0,1,4,0.1,7,60,0,1742.39,958.375,0
24.0037,11,12,1761.49,924.785,16.23,2.5108,0.7,0,0,0,0,7,60,0,1255.81,1303.56,7.16
24.017,29,27,1674.28,1267.32,0.0664839,1.04005,-0.7,1,1,32,0.15,7,60,4,1623.68,1573.77,11.94
24.037,56,20,1785.49,1041.14,0,-0.0674433,0,1,0,0,0,7,60,4,1631.37,1175.02,10.75
24.04,60,19,1497.15,1007.14,0,0,0,0,0,0,0,7,60,0,1618.92,1868.18,18.09
24.0437,65,20,1719.13,979.98,0,0,0,0,0,0,0,7,60,0,1431.33,994.63,0
24.0533,78,18,1445.12,997.33,0,-0.0678132,0,1,0,64,0.05,7,60,4,1331.77,1272.81,8.61
24.0541,79,19,1624.38,1177.42,15.565,0.988847,-8.4,1,1,102,0.4,7,60,4,1819.63,1690.45,12.64
24.0593,86,36,1816.41,1690.63,15.1404,-1.81357,-8.1,1,1,4,0.1,7,60,4,1349.42,1263.59,10.16
24.0644,93,19,1490.23,1006.13,0,0,0,0,0,0,0,7,60,0,2104.77,1883.73,8.5
24.0659,95,26,1237.31,1306.19,8.17,3.09628,7.9,0,1,4,0.1,7,60,0,1418.07,805.78,0
24.0667,96,19,1600.9,1131.34,11.8421,1.00829,12,1,1,36,0.25,7,60,4,1204.35,1358.59,9.18
24.0704,101,10,1418.07,805.78,0,0,0,0,0,0,0,7,60,0,1730.82,941.03,0
24.0807,115,21,2071.33,1088.64,12.6561,1.40125,6.6,1,1,4,0.1,7,60,4,1462.3,1001.73,0
24.0815,116,27,1660.1,1291.33,10.09,2.82016,7.2,0,1,4,0.1,7,60,0,1875.58,2028.28,11.09
24.0896,127,46,2321.23,1878.77,0,-0.0686052,0,1,0,0,0,7,60,4,1355.62,1256.4,15.35
24.0911,129,19,1459.93,998.13,0,0,0,0,0,0,0,7,60,0,2210.42,1170.43,15.77
24.0919,130,45,2006.89,1870.48,19.6192,3.01485,14.7,1,1,6,0.2,7,60,4,1838.84,1898.67,9.82
24.1022,9,27,1462.56,1371.78,8.79,2.79626,0,0,0,0,0,7,60,0,1742.39,958.375,0
24.1037,11,12,1760.18,925.743,16.23,2.5108,0,0,0,0,0,7,60,0,1255.11,1303.72,7.16
24.117,29,27,1674.28,1267.33,0.0665728,1.03785,0,1,1,32,0.15,7,60,4,1624.87,1573.73,11.94
24.137,56,20,1785.49,1041.14,0,-0.0695728,0,1,0,0,0,7,60,4,1630.88,1174.07,10.75
24.14,60,19,1497.15,1007.14,0,0,0,0,0,0,0,7,60,0,1619.23,1869.96,18.09
24.1437,65,20,1719.13,979.98,0,0,0,0,0,0,0,7,60,0,1431.33,994.63,0
24.1533,78,18,1445.12,997.33,0,-0.0698878,0,1,0,64,0.05,7,60,4,1332.54,1272.43,8.61
24.1541,79,19,1624.95,1178.44,15.5855,0.986775,0,1,0,64,0.05,7,60,4,1819.41,1689.2,12.64
24.1593,86,36,1816.21,1689.51,15.1602,-1.81562,0,1,0,0,0,7,60,4,1350.31,1263.09,10.16
24.1644,93,19,1490.23,1006.13,0,0,0,0,0,0,0,7,60,0,2105.62,1883.71,8.5
24.1659,95,26,1236.5,1306.23,8.17,3.09628,0,0,0,0,0,7,60,0,1418.07,805.78,0
24.1667,96,19,1601.32,1132.13,11.8576,1.00626,0,1,1,32,0.15,7,60,4,1204.56,1357.7,9.18
24.1704,101,10,1418.07,805.78,0,0,0,0,0,0,0,7,60,0,1730.82,941.03,0
24.1807,115,21,2071.42,1089.58,12.6725,1.39927,0,1,0,0,0,7,60,4,1462.3,1001.73,0
24.1815,116,27,1659.14,1291.65,10.09,2.82016,0,0,0,0,0,7,60,0,1875.39,2027.19,11.09
24.1896,127,46,2321.23,1878.77,0,-0.0705568,0,1,0,0,0,7,60,4,1356.95,1255.64,15.35
24.1911,129,19,1459.93,998.13,0,0,0,0,0,0,0,7,60,0,2208.86,1170.68,15.77
24.1919,130,45,2005.42,1870.56,19.6445,3.01291,0,1,0,0,0,7,60,4,1837.87,1898.86,9.82
24.2022,9,27,1461.73,1372.07,8.79,2.79626,0,0,0,0,0,7,60,0,1742.39,958.375,0
24.2037,11,12,1758.87,926.7,16.23,2.5108,0,0,0,0,0,7,60,0,1254.41,1303.88,7.16
24.217,29,27,1674.28,1267.33,0.0666579,1.03599,0,1,1,32,0.15,7,60,4,1626.06,1573.68,11.94
24.237,56,20,1785.49,1041.14,0,-0.0713615,0,1,0,0,0,7,60,4,1630.39,1173.11,10.75
24.24,60,19,1497.15,1007.14,0,0,0,0,0,0,0,7,60,0,1619.53,1871.74,18.09
24.2437,65,20,1719.13,979.98,0,0,0,0,0,0,0,7,60,0,1431.33,994.63,0
24.2533,78,18,1445.12,997.33,0,-0.0716202,0,1,0,64,0.05,7,60,4,1333.31,1272.05,8.61
24.2541,79,19,1625.53,1179.46,15.6051,0.985045,0,1,1,96,0.2,7,60,4,1819.19,1687.96,12.64
24.2593,86,36,1816.02,1688.39,15.1793,-1.81733,0,1,0,0,0,7,60,4,1351.19,1262.59,10.16
24.2644,93,19,1490.23,1006.13,0,0,0,0,0,0,0,7,60,0,2106.47,1883.7,8.5
24.2659,95,26,1235.68,1306.27,8.17,3.09628,0,0,0,0,0,7,60,0,1418.07,805.78,0
24.2667,96,19,1601.75,1132.91,11.8724,1.00457,0,1,1,32,0.15,7,60,4,1204.77,1356.8,9.18
24.2704,101,10,1418.07,805.78,0,0,0,0,0,0,0,7,60,0,1730.82,941.03,0
24.2807,115,21,2071.52,1090.53,12.6883,1.39763,0,1,0,0,0,7,60,4,1462.3,1001.73,0
24.2815,116,27,1658.19,1291.97,10.09,2.82016,0,0,0,0,0,7,60,0,1875.2,2026.09,11.09
24.2896,127,46,2321.23,1878.77,0,-0.0721625,0,1,0,0,0,7,60,4,1358.29,1254.88,15.35
24.2911,129,19,1459.93,998.13,0,0,0,0,0,0,0,7,60,0,2207.3,1170.92,15.77
24.2919,130,45,2003.95,1870.65,19.6688,3.01131,0,1,0,0,0,7,60,4,1836.91,1899.04,9.82
24.3022,9,27,1460.9,1372.37,8.79,2.79626,0,0,0,0,0,7,60,0,1742.39,958.375,0
24.3037,11,12,1757.56,927.657,16.23,2.5108,0,0,0,0,0,7,60,0,1253.71,1304.04,7.16
24.317,29,27,1674.28,1267.34,0.0667394,1.03448,0,1,1,32,0.15,7,60,4,1627.26,1573.64,11.94
24.337,56,20,1785.49,1041.14,0,-0.0728009,0,1,0,0,0,7,60,4,1629.9,1172.15,10.75
24.34,60,19,1497.15,1007.14,0,0,0,0,0,0,0,7,60,0,1619.84,1873.53,18.09
24.3437,65,20,1719.13,979.98,0,0,0,0,0,0,0,7,60,0,1431.33,994.63,0
24.3533,78,18,1445.12,997.33,0,-0.0730017,0,1,0,64,0.05,7,60,4,1334.08,1271.67,8.61
24.3541,79,19,1626.1,1180.48,15.6238,0.983666,0,1,1,96,0.2,7,60,4,1818.97,1686.71,12.64
24.3593,86,36,1815.82,1687.26,15.1974,-1.81869,0,1,0,0,0,7,60,4,1352.08,1262.09,10.16
24.3644,93,19,1490.23,1006.13,0,0,0,0,0,0,0,7,60,0,2107.32,1883.68,8.5
24.3659,95,26,1234.86,1306.31,8.17,3.09628,0,0,0,0,0,7,60,0,1418.07,805.78,0
24.3667,96,19,1602.17,1133.69,11.8865,1.00324,0,1,1,32,0.15,7,60,4,1204.97,1355.91,9.18
24.3704,101,10,1418.07,805.78,0,0,0,0,0,0,0,7,60,0,1730.82,941.03,0
24.3807,115,21,2071.61,1091.47,12.7033,1.39635,0,1,0,0,0,7,60,4,1462.3,1001.73,0
24.3815,116,27,1657.23,1292.29,10.09,2.82016,0,0,0,0,0,7,60,0,1875.01,2025,11.09
24.3896,127,46,2321.23,1878.77,0,-0.0734151,0,1,0,0,0,7,60,4,1359.62,1254.12,15.35
24.3911,129,19,1459.93,998.13,0,0,0,0,0,0,0,7,60,0,2205.75,1171.17,15.77
24.3919,130,45,2002.48,1870.73,19.692,3.01006,0,1,0,0,0,7,60,4,1835.94,1899.22,9.82
24.4022,9,27,1460.08,1372.67,8.79,2.79626,0,0,0,0,0,7,60,0,1742.39,958.375,0
24.4037,11,12,1756.25,928.614,16.23,2.5108,0,0,0,0,0,7,60,0,1253.02,1304.2,7.16
24.417,29,27,1674.29,1267.34,0.066817,1.03333,0,1,1,32,0.15,7,60,4,1628.45,1573.6,11.94
24.437,56,20,1785.49,1041.14,0,-0.0738836,0,1,0,0,0,7,60,4,1629.41,1171.2,10.75
24.44,60,19,1497.15,1007.14,0,0,0,0,0,0,0,7,60,0,1620.15,1875.31,18.09
24.4437,65,20,1719.13,979.98,0,0,0,0,0,0,0,7,60,0,1431.33,994.63,0
24.4533,78,18,1445.12,997.33,0,-0.0740259,0,1,0,64,0.05,7,60,4,1334.86,1271.29,8.61
24.4541,79,19,1626.68,1181.5,15.6417,0.982645,0,1,1,96,0.2,7,60,4,1818.75,1685.47,12.64
24.4593,86,36,1815.62,1686.14,15.2147,-1.8197,0,1,0,0,0,7,60,4,1352.96,1261.58,10.16
24.4644,93,19,1490.23,1006.13,0,0,0,0,0,0,0,7,60,0,2108.17,1883.67,8.5
24.4659,95,26,1234.05,1306.34,8.17,3.09628,0,0,0,0,0,7,60,0,1418.07,805.78,0
24.4667,96,19,1602.59,1134.48,11.9,1.00226,0,1,1,32,0.15,7,60,4,1205.18,1355.01,9.18
24.4704,101,10,1418.07,805.78,0,0,0,0,0,0,0,7,60,0,1730.82,941.03,0
24.4807,115,21,2071.71,1092.42,12.7176,1.39542,0,1,0,0,0,7,60,4,1462.3,1001.73,0
24.4815,116,27,1656.27,1292.6,10.09,2.82016,0,0,0,0,0,7,60,0,1874.82,2023.91,11.09
24.4896,127,46,2321.23,1878.77,0,-0.074308,0,1,0,0,0,7,60,4,1360.96,1253.36,15.35
24.4911,129,19,1459.93,998.13,0,0,0,0,0,0,0,7,60,0,2204.19,1171.41,15.77
24.4919,130,45,2001.01,1870.82,19.714,3.00918,0,1,0,0,0,7,60,4,1834.98,1899.41,9.82
24.5022,9,27,1459.25,1372.97,8.79,2.79626,0,0,0,0,0,7,60,0,1742.39,958.375,0
24.5037,11,12,1754.94,929.572,16.23,2.5108,0,0,0,0,0,7,60,0,1252.32,1304.36,7.16
24.517,29,27,1674.29,1267.35,0.0668907,1.03253,0,1,1,32,0.15,7,60,4,1629.64,1573.55,11.94
24.537,56,20,1785.49,1041.14,0,-0.0746044,0,1,0,0,0,7,60,4,1628.92,1170.24,10.75
24.54,60,19,1497.15,1007.14,0,0,0,0,0,0,0,7,60,0,1620.45,1877.09,18.09
24.5437,65,20,1719.13,979.98,0,0,0,0,0,0,0,7,60,0,1431.33,994.63,0
24.5533,78,18,1445.12,997.33,0,-0.0746873,0,1,0,64,0.05,7,60,4,1335.63,1270.91,8.61
24.5541,79,19,1627.25,1182.52,15.6586,0.981986,0,1,1,96,0.2,7,60,4,1818.53,1684.22,12.64
24.5593,86,36,1815.42,1685.02,15.2311,-1.82034,0,1,0,0,0,7,60,4,1353.84,1261.08,10.16
24.5644,93,19,1490.23,1006.13,0,0,0,0,0,0,0,7,60,0,2109.02,1883.65,8.5
24.5659,95,26,1233.23,1306.38,8.17,3.09628,0,0,0,0,0,7,60,0,1418.07,805.78,0
24.5667,96,19,1603.01,1135.26,11.9128,1.00165,0,1,1,32,0.15,7,60,4,1205.39,1354.12,9.18
24.5704,101,10,1418.07,805.78,0,0,0,0,0,0,0,7,60,0,1730.82,941.03,0
24.5807,115,21,2071.81,1093.37,12.7312,1.39486,0,1,0,0,0,7,60,4,1462.3,1001.73,0
24.5815,116,27,1655.31,1292.92,10.09,2.82016,0,0,0,0,0,7,60,0,1874.64,2022.81,11.09
24.5896,127,46,2321.23,1878.77,0,-0.074837,0,1,0,0,0,7,60,4,1362.29,1252.61,15.35
24.5911,129,19,1459.93,998.13,0,0,0,0,0,0,0,7,60,0,2202.63,1171.66,15.77
24.5919,130,45,1999.53,1870.91,19.7349,3.00866,0,1,0,0,0,7,60,4,1834.01,1899.59,9.82
24.6022,9,27,1458.42,1373.26,8.79,2.79626,0,0,0,0,0,7,60,0,1742.39,958.375,0
24.6037,11,12,1753.63,930.529,16.23,2.5108,0,0,0,0,0,7,60,0,1251.62,1304.52,7.16
24.617,29,27,1674.29,1267.35,0.0669605,1.03211,0,1,1,32,0.15,7,60,4,1630.84,1573.51,11.94
24.637,56,20,1785.49,1041.14,0,-0.0749598,0,1,0,0,0,7,60,4,1628.43,1169.28,10.75
24.64,60,19,1497.15,1007.14,0,0,0,0,0,0,0,7,60,0,1620.76,1878.87,18.09
24.6437,65,20,1719.13,979.98,0,0,0,0,0,0,0,7,60,0,1431.33,994.63,0
24.6533,78,18,1445.12,997.33,0,-0.0749829,0,1,0,64,0.05,7,60,4,1336.4,1270.53,8.61
24.6541,79,19,1627.83,1183.54,15.6746,0.981693,0,1,1,96,0.2,7,60,4,1818.31,1682.98,12.64
24.6593,86,36,1815.23,1683.9,15.2466,-1.82061,0,1,0,0,0,7,60,4,1354.73,1260.58,10.16
24.6644,93,19,1490.23,1006.13,0,0,0,0,0,0,0,7,60,0,2109.87,1883.63,8.5
24.6659,95,26,1232.41,1306.42,8.17,3.09628,0,0,0,0,0,7,60,0,1418.07,805.78,0
24.6667,96,19,1603.44,1136.04,11.9249,1.0014,0,1,1,32,0.15,7,60,4,1205.59,1353.23,9.18
24.6704,101,10,1418.07,805.78,0,0,0,0,0,0,0,7,60,0,1730.82,941.03,0
24.6807,115,21,2071.9,1094.31,12.7439,1.39466,0,1,0,0,0,7,60,4,1462.3,1001.73,0
24.6815,116,27,1654.36,1293.24,10.09,2.82016,0,0,0,0,0,7,60,0,1874.45,2021.72,11.09
24.6896,127,46,2321.23,1878.77,0,-0.0749994,0,1,0,0,0,7,60,4,1363.62,1251.85,15.35
24.6911,129,19,1459.93,998.13,0,0,0,0,0,0,0,7,60,0,2201.07,1171.9,15.77
24.6919,130,45,1998.06,1870.99,19.7546,3.0085,0,1,0,0,0,7,60,4,1833.05,1899.77,9.82
24.7022,9,27,1457.59,1373.56,8.79,2.79626,0,0,0,0,0,7,60,0,1742.39,958.375,0
24.7037,11,12,1752.32,931.486,16.23,2.5108,0,0,0,0,0,7,60,0,1250.92,1304.68,7.16
24.717,29,27,1674.29,1267.36,0.0670262,1.03204,0,1,1,32,0.15,7,60,4,1632.03,1573.46,11.94
24.737,56,20,1785.49,1041.14,0,-0.074948,0,1,0,0,0,7,60,4,1627.94,1168.33,10.75
24.74,60,19,1497.15,1007.14,0,0,0,0,0,0,0,7,60,0,1621.07,1880.66,18.09
24.7437,65,20,1719.13,979.98,0,0,0,0,0,0,0,7,60,0,1431.33,994.63,0
24.7533,78,18,1445.12,997.33,0,-0.0749113,0,1,0,64,0.05,7,60,4,1337.17,1270.15,8.61
24.7541,79,19,1628.4,1184.55,15.6896,0.981768,0,1,1,96,0.2,7,60,4,1818.09,1681.73,12.64
24.7593,86,36,1815.03,1682.78,15.2612,-1.82052,0,1,0,0,0,7,60,4,1355.61,1260.08,10.16
24.7644,93,19,1490.23,1006.13,0,0,0,0,0,0,0,7,60,0,2110.72,1883.62,8.5
24.7659,95,26,1231.6,1306.45,8.17,3.09628,0,0,0,0,0,7,60,0,1418.07,805.78,0
24.7667,96,19,1603.86,1136.83,11.9362,1.00152,0,1,1,32,0.15,7,60,4,1205.8,1352.33,9.18
24.7704,101,10,1418.07,805.78,0,0,0,0,0,0,0,7,60,0,1730.82,941.03,0
24.7807,115,21,2072,1095.26,12.756,1.39484,0,1,0,0,0,7,60,4,1462.3,1001.73,0
24.7815,116,27,1653.4,1293.56,10.09,2.82016,0,0,0,0,0,7,60,0,1874.26,2020.63,11.09
24.7896,127,46,2321.23,1878.77,0,-0.0747945,0,1,0,0,0,7,60,4,1364.96,1251.09,15.35
24.7911,129,19,1459.93,998.13,0,0,0,0,0,0,0,7,60,0,2199.51,1172.15,15.77
24.7919,130,45,1996.59,1871.08,19.7731,3.00872,0,1,0,0,0,7,60,4,1832.09,1899.95,9.82
24.8022,9,27,1456.77,1373.86,8.79,2.79626,0,0,0,0,0,7,60,0,1742.39,958.375,0
24.817,29,27,1674.29,1267.36,0.0670879,1.03235,0,1,1,32,0.15,7,60,4,1633.22,1573.42,11.94
24.837,56,20,1785.49,1041.14,0,-0.0745692,0,1,0,0,0,7,60,4,1627.45,1167.37,10.75
24.84,60,19,1497.15,1007.14,0,0,0,0,0,0,0,7,60,0,1621.38,1882.44,18.09
24.8437,65,20,1719.13,979.98,0,0,0,0,0,0,0,7,60,0,1431.33,994.63,0
24.8533,78,18,1445.12,997.33,0,-0.0744727,0,1,0,64,0.05,7,60,4,1337.95,1269.77,8.61
24.8541,79,19,1628.98,1185.57,15.7037,0.982209,0,1,1,96,0.2,7,60,4,1817.87,1680.49,12.64
24.8593,86,36,1814.83,1681.66,15.2749,-1.82006,0,1,0,0,0,7,60,4,1356.49,1259.58,10.16
24.8644,93,19,1490.23,1006.13,0,0,0,0,0,0,0,7,60,0,2111.57,1883.6,8.5
24.8659,95,26,1230.78,1306.49,8.17,3.09628,0,0,0,0,0,7,60,0,1418.07,805.78,0
24.8667,96,19,1604.28,1137.61,11.9468,1.00201,0,1,1,32,0.15,7,60,4,1206.01,1351.44,9.18
24.8704,101,10,1418.07,805.78,0,0,0,0,0,0,0,7,60,0,1730.82,941.03,0
24.8807,115,21,2072.09,1096.21,12.7672,1.39537,0,1,0,0,0,7,60,4,1462.3,1001.73,0
24.8815,116,27,1652.44,1293.88,10.09,2.82016,0,0,0,0,0,7,60,0,1874.07,2019.53,11.09
24.8896,127,46,2321.23,1878.77,0,-0.0742232,0,1,0,0,0,7,60,4,1366.29,1250.33,15.35
24.8911,129,19,1459.93,998.13,0,0,0,0,0,0,0,7,60,0,2197.96,1172.39,15.77
24.8919,130,45,1995.12,1871.16,19.7903,3.0093,0,1,0,0,0,7,60,4,1831.12,1900.14,9.82
24.9022,9,27,1455.94,1374.16,8.79,2.79626,0,0,0,0,0,7,60,0,1742.39,958.375,0
24.917,29,27,1674.3,1267.36,0.0671455,1.03302,0,1,1,32,0.15,7,60,4,1634.41,1573.38,11.94
24.937,56,20,1785.49,1041.14,0,-0.0738251,0,1,0,0,0,7,60,4,1626.95,1166.41,10.75
24.94,60,19,1497.15,1007.14,0,0,0,0,0,0,0,7,60,0,1621.68,1884.22,18.09
24.9437,65,20,1719.13,979.98,0,0,0,0,0,0,0,7,60,0,1431.33,994.63,0
24.9533,78,18,1445.12,997.33,0,-0.0736694,0,1,0,64,0.05,7,60,4,1338.72,1269.39,8.61
24.9541,79,19,1629.56,1186.59,15.7168,0.983015,0,1,1,96,0.2,7,60,4,1817.65,1679.24,12.64
24.9593,86,36,1814.63,1680.54,15.2876,-1.81923,0,1,0,0,0,7,60,4,1357.38,1259.08,10.16
24.9644,93,19,1490.23,1006.13,0,0,0,0,0,0,0,7,60,0,2112.42,1883.59,8.5
24.9659,95,26,1229.97,1306.53,8.17,3.09628,0,0,0,0,0,7,60,0,1418.07,805.78,0
24.9667,96,19,1604.7,1138.39,11.9567,1.00286,0,1,1,32,0.15,7,60,4,1206.21,1350.54,9.18
24.9704,101,10,1418.07,805.78,0,0,0,0,0,0,0,7,60,0,1730.82,941.03,0
24.9807,115,21,2072.19,1097.15,12.7776,1.39628,0,1,0,0,0,7,60,4,1462.3,1001.73,0
24.9815,116,27,1651.48,1294.2,10.09,2.82016,0,0,0,0,0,7,60,0,1873.88,2018.44,11.09
24.9896,127,46,2321.23,1878.77,0,-0.0732883,0,1,0,0,0,7,60,4,1367.63,1249.57,15.35
24.9911,129,19,1459.93,998.13,0,0,0,0,0,0,0,7,60,0,2196.4,1172.64,15.77
24.9919,130,45,1993.65,1871.25,19.8064,3.01024,0,1,0,0,0,7,60,4,1830.16,1900.32,9.82
25.0022,9,27,1455.11,1374.45,9.73,2.795,9.4,0,1,4,0.1,7,60,0,1742.39,958.375,0
25.017,29,27,1674.3,1267.37,0.0537591,1.03417,-0.1,1,1,32,0.15,7,60,4,1635.62,1573.33,12.47
25.037,56,20,1785.49,1041.14,0,-0.0727194,0,1,0,0,0,7,60,4,1626.46,1165.44,11.51
25.04,60,19,1497.15,1007.14,0,0,0,0,0,0,0,7,60,0,1621.97,1885.83,13.59
25.0437,65,20,1719.13,979.98,0,0,0,0,0,0,0,7,60,0,1431.33,994.63,0
25.0533,78,18,1445.12,997.33,0,-0.072502,0,1,0,64,0.05,7,60,4,1339.45,1268.83,9.89
25.0541,79,19,1630.13,1187.61,15.7155,0.989872,-0.1,1,1,96,0.2,7,60,4,1817.43,1677.98,13.06
25.0593,86,36,1814.42,1679.36,16.5765,-1.81771,9.5,1,1,4,0.1,7,60,4,1358.31,1258.55,11.13
25.0644,93,19,1490.23,1006.13,0,0,0,0,0,0,0,7,60,0,2113.31,1883.57,9.19
25.0659,95,26,1229.13,1306.74,9.1,2.7954,9.3,0,1,6,0.2,7,60,0,1418.07,805.78,0
25.0667,96,19,1605.13,1139.21,13.1759,1.01285,9,1,1,36,0.25,7,60,4,1206.5,1349.62,9.95
25.0704,101,10,1418.07,805.78,0,0,0,0,0,0,0,7,60,0,1730.82,941.03,0
25.0807,115,21,2072.29,1098.17,13.9167,1.39804,8.4,1,1,4,0.1,7,60,4,1462.3,1001.73,0
25.0815,116,27,1650.48,1294.54,11.05,2.81785,9.6,0,1,4,0.1,7,60,0,1873.68,2017.27,12.1
25.0896,127,46,2321.23,1878.77,0,-0.0719945,0,1,0,0,0,7,60,4,1369.06,1248.75,16.67
25.0911,129,19,1459.93,998.13,0,0,0,0,0,0,0,7,60,0,2194.73,1172.91,16.98
25.0919,130,45,1992.01,1871.46,22.403,2.93451,19.2,1,1,6,0.2,7,60,4,1829.17,1900.5,10.05
25.1022,9,27,1454.2,1374.78,9.73,2.795,0,0,0,0,0,7,60,0,1742.39,958.375,0
25.117,29,27,1674.3,1267.37,0.0537984,1.03556,0,1,1,32,0.15,7,60,4,1636.86,1573.29,12.47
25.137,56,20,1785.49,1041.14,0,-0.0712575,0,1,0,0,0,7,60,4,1625.94,1164.41,11.51
25.14,60,19,1497.15,1007.14,0,0,0,0,0,0,0,7,60,0,1622.21,1887.16,13.59
25.1437,65,20,1719.13,979.98,0,0,0,0,0,0,0,7,60,0,1431.33,994.63,0
25.1533,78,18,1445.12,997.33,0,-0.070986,0,1,0,64,0.05,7,60,4,1340.14,1268.13,9.89
25.1541,79,19,1630.7,1188.63,15.7266,0.991394,0,1,0,64,0.05,7,60,4,1817.2,1676.69,13.06
25.1593,86,36,1814.21,1678.15,16.5882,-1.81617,0,1,0,0,0,7,60,4,1359.28,1258,11.13
25.1644,93,19,1490.23,1006.13,0,0,0,0,0,0,0,7,60,0,2114.23,1883.55,9.19
25.1659,95,26,1228.27,1307.05,9.1,2.7954,0,0,0,0,0,7,60,0,1418.07,805.78,0
25.1667,96,19,1605.59,1140.07,13.1851,1.01442,0,1,1,32,0.15,7,60,4,1206.83,1348.68,9.95
25.1704,101,10,1418.07,805.78,0,0,0,0,0,0,0,7,60,0,1730.82,941.03,0
25.1807,115,21,2072.4,1099.2,13.9264,1.39966,0,1,0,0,0,7,60,4,1462.3,1001.73,0
25.1815,116,27,1649.43,1294.89,11.05,2.81785,0,0,0,0,0,7,60,0,1873.48,2016.07,12.1
25.1896,127,46,2321.23,1878.77,0,-0.070348,0,1,0,0,0,7,60,4,1370.51,1247.93,16.67
25.1911,129,19,1459.93,998.13,0,0,0,0,0,0,0,7,60,0,2193.06,1173.18,16.98
25.1919,130,45,1990.36,1871.69,22.4184,2.93616,0,1,0,0,0,7,60,4,1828.18,1900.69,10.05
25.2022,9,27,1453.28,1375.12,9.73,2.795,0,0,0,0,0,7,60,0,1742.39,958.375,0
25.217,29,27,1674.3,1267.38,0.0538343,1.03731,0,1,1,32,0.15,7,60,4,1638.11,1573.24,12.47
25.237,56,20,1785.49,1041.14,0,-0.0694467,0,1,0,0,0,7,60,4,1625.43,1163.38,11.51
25.24,60,19,1497.15,1007.14,0,0,0,0,0,0,0,7,60,0,1622.46,1888.5,13.59
25.2437,65,20,1719.13,979.98,0,0,0,0,0,0,0,7,60,0,1431.33,994.63,0
25.2533,78,18,1445.12,997.33,0,-0.069119,0,1,0,64,0.05,7,60,4,1340.83,1267.42,9.89
25.2541,79,19,1631.27,1189.65,15.7367,0.993264,0,1,1,96,0.2,7,60,4,1816.97,1675.4,13.06
25.2593,86,36,1814,1676.94,16.5988,-1.81428,0,1,0,0,0,7,60,4,1360.25,1257.45,11.13
25.2644,93,19,1490.23,1006.13,0,0,0,0,0,0,0,7,60,0,2115.15,1883.54,9.19
25.2659,95,26,1227.41,1307.36,9.1,2.7954,0,0,0,0,0,7,60,0,1418.07,805.78,0
25.2667,96,19,1606.05,1140.94,13.1935,1.01633,0,1,1,32,0.15,7,60,4,1207.15,1347.74,9.95
25.2704,101,10,1418.07,805.78,0,0,0,0,0,0,0,7,60,0,1730.82,941.03,0
25.2807,115,21,2072.5,1100.22,13.9351,1.40162,0,1,0,0,0,7,60,4,1462.3,1001.73,0
25.2815,116,27,1648.38,1295.24,11.05,2.81785,0,0,0,0,0,7,60,0,1873.28,2014.88,12.1
25.2896,127,46,2321.23,1878.77,0,-0.0683572,0,1,0,0,0,7,60,4,1371.96,1247.11,16.67
25.2911,129,19,1459.93,998.13,0,0,0,0,0,0,0,7,60,0,2191.38,1173.45,16.98
25.2919,130,45,1988.71,1871.91,22.4322,2.93816,0,1,0,0,0,7,60,4,1827.19,1900.87,10.05
25.3022,9,27,1452.37,1375.45,9.73,2.795,0,0,0,0,0,7,60,0,1742.39,958.375,0
25.317,29,27,1674.3,1267.38,0.0538668,1.03939,0,1,1,32,0.15,7,60,4,1639.36,1573.19,12.47
25.337,56,20,1785.49,1041.14,0,-0.0672956,0,1,0,0,0,7,60,4,1624.91,1162.35,11.51
25.34,60,19,1497.15,1007.14,0,0,0,0,0,0,0,7,60,0,1622.7,1889.84,13.59
25.3437,65,20,1719.13,979.98,0,0,0,0,0,0,0,7,60,0,1431.33,994.63,0
25.3533,78,18,1445.12,997.33,0,-0.0669135,0,1,0,64,0.05,7,60,4,1341.52,1266.71,9.89
25.3541,79,19,1631.83,1190.67,15.7458,0.995472,0,1,1,96,0.2,7,60,4,1816.75,1674.12,13.06
25.3593,86,36,1813.78,1675.72,16.6083,-1.81205,0,1,0,0,0,7,60,4,1361.21,1256.9,11.13
25.3644,93,19,1490.23,1006.13,0,0,0,0,0,0,0,7,60,0,2116.07,1883.52,9.19
25.3659,95,26,1226.56,1307.67,9.1,2.7954,0,0,0,0,0,7,60,0,1418.07,805.78,0
25.3667,96,19,1606.51,1141.81,13.201,1.01858,0,1,1,32,0.15,7,60,4,1207.48,1346.8,9.95
25.3704,101,10,1418.07,805.78,0,0,0,0,0,0,0,7,60,0,1730.82,941.03,0
25.3807,115,21,2072.6,1101.25,13.9429,1.40391,0,1,0,0,0,7,60,4,1462.3,1001.73,0
25.3815,116,27,1647.33,1295.59,11.05,2.81785,0,0,0,0,0,7,60,0,1873.07,2013.69,12.1
25.3896,127,46,2321.23,1878.77,0,-0.0660314,0,1,0,0,0,7,60,4,1373.41,1246.29,16.67
25.3911,129,19,1459.93,998.13,0,0,0,0,0,0,0,7,60,0,2189.7,1173.72,16.98
25.3919,130,45,1987.06,1872.13,22.4447,2.9405,0,1,0,0,0,7,60,4,1826.21,1901.06,10.05
25.4022,9,27,1451.45,1375.78,9.73,2.795,0,0,0,0,0,7,60,0,1742.39,958.375,0
25.417,29,27,1674.31,1267.38,0.0538957,1.04181,0,1,1,32,0.15,7,60,4,1640.6,1573.15,12.47
25.437,56,20,1785.49,1041.14,0,-0.064815,0,1,0,0,0,7,60,4,1624.4,1161.32,11.51
25.44,60,19,1497.15,1007.14,0,0,0,0,0,0,0,7,60,0,1622.95,1891.17,13.59
25.4437,65,20,1719.13,979.98,0,0,0,0,0,0,0,7,60,0,1431.33,994.63,0
25.4533,78,18,1445.12,997.33,0,-0.0643802,0,1,0,64,0.05,7,60,4,1342.21,1266,9.89
25.4541,79,19,1632.4,1191.7,15.7539,0.998007,0,1,1,96,0.2,7,60,4,1816.52,1672.83,13.06
25.4593,86,36,1813.57,1674.51,16.6168,-1.8095,0,1,0,0,0,7,60,4,1362.18,1256.35,11.13
25.4644,93,19,1490.23,1006.13,0,0,0,0,0,0,0,7,60,0,2116.99,1883.51,9.19
25.4659,95,26,1225.7,1307.98,9.1,2.7954,0,0,0,0,0,7,60,0,1418.07,805.78,0
25.4667,96,19,1606.96,1142.67,13.2077,1.02116,0,1,1,32,0.15,7,60,4,1207.8,1345.86,9.95
25.4704,101,10,1418.07,805.78,0,0,0,0,0,0,0,7,60,0,1730.82,941.03,0
25.4807,115,21,2072.71,1102.28,13.9498,1.40654,0,1,0,0,0,7,60,4,1462.3,1001.73,0
25.4815,116,27,1646.29,1295.94,11.05,2.81785,0,0,0,0,0,7,60,0,1872.87,2012.5,12.1
25.4896,127,46,2321.23,1878.77,0,-0.0633821,0,1,0,0,0,7,60,4,1374.86,1245.46,16.67
25.4911,129,19,1459.93,998.13,0,0,0,0,0,0,0,7,60,0,2188.03,1173.99,16.98
25.4919,130,45,1985.41,1872.36,22.4556,2.94315,0,1,0,0,0,7,60,4,1825.22,1901.24,10.05
25.5022,9,27,1450.54,1376.11,9.73,2.795,0,0,0,0,0,7,60,0,1742.39,958.375,0
25.517,29,27,1674.31,1267.39,0.0539212,1.04454,0,1,1,32,0.15,7,60,4,1641.85,1573.1,12.47
25.537,56,20,1785.49,1041.14,0,-0.0620168,0,1,0,0,0,7,60,4,1623.89,1160.29,11.51
25.54,60,19,1497.15,1007.14,0,0,0,0,0,0,0,7,60,0,1623.19,1892.51,13.59
25.5437,65,20,1719.13,979.98,0,0,0,0,0,0,0,7,60,0,1431.33,994.63,0
25.5533,78,18,1445.12,997.33,0,-0.0615316,0,1,0,64,0.05,7,60,4,1342.9,1265.29,9.89
25.5541,79,19,1632.97,1192.72,15.761,1.00086,0,1,1,32,0.15,7,60,4,1816.29,1671.55,13.06
25.5593,86,36,1813.35,1673.29,16.6242,-1.80663,0,1,0,0,0,7,60,4,1363.15,1255.8,11.13
25.5644,93,19,1490.23,1006.13,0,0,0,0,0,0,0,7,60,0,2117.91,1883.49,9.19
25.5659,95,26,1224.85,1308.29,9.1,2.7954,0,0,0,0,0,7,60,0,1418.07,805.78,0
25.5667,96,19,1607.42,1143.54,13.2135,1.02405,0,1,1,32,0.15,7,60,4,1208.13,1344.92,9.95
25.5704,101,10,1418.07,805.78,0,0,0,0,0,0,0,7,60,0,1730.82,941.03,0
25.5807,115,21,2072.81,1103.31,13.9558,1.40947,0,1,0,0,0,7,60,4,1462.3,1001.73,0
25.5815,116,27,1645.24,1296.29,11.05,2.81785,0,0,0,0,0,7,60,0,1872.66,2011.3,12.1
25.5896,127,46,2321.23,1878.77,0,-0.0604224,0,1,0,0,0,7,60,4,1376.31,1244.64,16.67
25.5911,129,19,1459.93,998.13,0,0,0,0,0,0,0,7,60,0,2186.35,1174.26,16.98
25.5919,130,45,1983.76,1872.58,22.4651,2.94612,0,1,0,0,0,7,60,4,1824.23,1901.43,10.05
25.6022,9,27,1449.62,1376.44,9.73,2.795,0,0,0,0,0,7,60,0,1742.39,958.375,0
25.617,29,27,1674.31,1267.39,0.0539431,1.04758,0,1,1,32,0.15,7,60,4,1643.09,1573.06,12.47
25.637,56,20,1785.49,1041.14,0,-0.0589149,0,1,0,0,0,7,60,4,1623.37,1159.26,11.51
25.64,60,19,1497.15,1007.14,0,0,0,0,0,0,0,7,60,0,1623.44,1893.85,13.59
25.6437,65,20,1719.13,979.98,0,0,0,0,0,0,0,7,60,0,1431.33,994.63,0
25.6533,78,18,1445.12,997.33,0,-0.0583816,0,1,0,0,0,7,60,4,1343.59,1264.58,9.89
25.6593,86,36,1813.14,1672.08,16.6305,-1.80347,0,1,0,0,0,7,60,4,1364.12,1255.25,11.13
25.6644,93,19,1490.23,1006.13,0,0,0,0,0,0,0,7,60,0,2118.82,1883.47,9.19
25.6659,95,26,1223.99,1308.6,9.1,2.7954,0,0,0,0,0,7,60,0,1418.07,805.78,0
25.6667,96,19,1607.88,1144.41,13.2184,1.02723,0,1,1,32,0.15,7,60,4,1208.46,1343.98,9.95
25.6704,101,10,1418.07,805.78,0,0,0,0,0,0,0,7,60,0,1730.82,941.03,0
25.6807,115,21,2072.92,1104.34,13.9609,1.4127,0,1,0,0,0,7,60,4,1462.3,1001.73,0
25.6815,116,27,1644.19,1296.65,11.05,2.81785,0,0,0,0,0,7,60,0,1872.46,2010.11,12.1
25.6896,127,46,2321.23,1878.77,0,-0.0571667,0,1,0,0,0,7,60,4,1377.76,1243.82,16.67
25.6911,129,19,1459.93,998.13,0,0,0,0,0,0,0,7,60,0,2184.68,1174.53,16.98
25.6919,130,45,1982.11,1872.81,22.4732,2.94938,0,1,0,0,0,7,60,4,1823.24,1901.61,10.05
25.7022,9,27,1448.71,1376.77,9.73,2.795,0,0,0,0,0,7,60,0,1742.39,958.375,0
25.717,29,27,1674.31,1267.39,0.0539615,1.05092,0,1,1,32,0.15,7,60,4,1644.34,1573.01,12.47
25.737,56,20,1785.49,1041.14,0,-0.0555245,0,1,0,0,0,7,60,4,1622.86,1158.23,11.51
25.74,60,19,1497.15,1007.14,0,0,0,0,0,0,0,7,60,0,1623.69,1895.18,13.59
25.7437,65,20,1719.13,979.98,0,0,0,0,0,0,0,7,60,0,1431.33,994.63,0
25.7533,78,18,1445.12,997.33,0,-0.0549457,0,1,0,0,0,7,60,4,1344.28,1263.88,9.89
25.7593,86,36,1812.93,1670.86,16.6357,-1.80001,0,1,0,0,0,7,60,4,1365.08,1254.7,11.13
25.7644,93,19,1490.23,1006.13,0,0,0,0,0,0,0,7,60,0,2119.74,1883.46,9.19
25.7659,95,26,1223.13,1308.9,9.1,2.7954,0,0,0,0,0,7,60,0,1418.07,805.78,0
25.7667,96,19,1608.34,1145.27,13.2225,1.03071,0,1,1,32,0.15,7,60,4,1208.78,1343.04,9.95
25.7704,101,10,1418.07,805.78,0,0,0,0,0,0,0,7,60,0,1730.82,941.03,0
25.7807,115,21,2073.02,1105.37,13.9651,1.41621,0,1,0,0,0,7,60,4,1462.3,1001.73,0
25.7815,116,27,1643.14,1297,11.05,2.81785,0,0,0,0,0,7,60,0,1872.26,2008.92,12.1
25.7896,127,46,2321.23,1878.77,0,-0.053631,0,1,0,0,0,7,60,4,1379.21,1242.99,16.67
25.7911,129,19,1459.93,998.13,0,0,0,0,0,0,0,7,60,0,2183,1174.8,16.98
25.7919,130,45,1980.46,1873.03,22.4797,2.95292,0,1,0,0,0,7,60,4,1822.25,1901.8,10.05
25.8022,9,27,1447.79,1377.1,9.73,2.795,0,0,0,0,0,7,60,0,1742.39,958.375,0
25.817,29,27,1674.31,1267.4,0.0539763,1.05453,0,1,1,32,0.15,7,60,4,1645.59,1572.96,12.47
25.823,37,52,1901.75,2184.91,17.3134,-1.78671,0,1,0,0,0,7,60,4,1148.29,924.28,20.72
25.837,56,20,1785.49,1041.14,0,-0.0518621,0,1,0,0,0,7,60,4,1622.34,1157.2,11.51
25.84,60,19,1497.15,1007.14,0,0,0,0,0,0,0,7,60,0,1623.93,1896.52,13.59
25.8437,65,20,1719.13,979.98,0,0,0,0,0,0,0,7,60,0,1431.33,994.63,0
25.8533,78,18,1445.12,997.33,0,-0.0512406,0,1,0,0,0,7,60,4,1344.97,1263.17,9.89
25.8593,86,36,1812.71,1669.65,16.6398,-1.79629,0,1,0,0,0,7,60,4,1366.05,1254.15,11.13
25.8644,93,19,1490.23,1006.13,0,0,0,0,0,0,0,7,60,0,2120.66,1883.44,9.19
25.8659,95,26,1222.28,1309.21,9.1,2.7954,0,0,0,0,0,7,60,0,1418.07,805.78,0
25.8667,96,19,1608.79,1146.14,13.2257,1.03445,0,1,1,32,0.15,7,60,4,1209.11,1342.1,9.95
25.8704,101,10,1418.07,805.78,0,0,0,0,0,0,0,7,60,0,1730.82,941.03,0
25.8807,115,21,2073.12,1106.4,13.9683,1.41999,0,1,0,0,0,7,60,4,1462.3,1001.73,0
25.8815,116,27,1642.1,1297.35,11.05,2.81785,0,0,0,0,0,7,60,0,1872.05,2007.73,12.1
25.8896,127,46,2321.23,1878.77,0,-0.049833,0,1,0,0,0,7,60,4,1380.66,1242.17,16.67
25.8911,129,19,1459.93,998.13,0,0,0,0,0,0,0,7,60,0,2181.32,1175.08,16.98
25.8919,130,45,1978.81,1873.26,22.4848,2.95673,0,1,0,0,0,7,60,4,1821.27,1901.98,10.05
25.9022,9,27,1446.87,1377.43,9.73,2.795,0,0,0,0,0,7,60,0,1742.39,958.375,0
25.917,29,27,1674.32,1267.4,0.0539876,1.05839,0,1,1,32,0.15,7,60,4,1646.83,1572.92,12.47
25.923,37,52,1901.55,2183.64,17.3167,-1.78304,0,1,0,0,0,7,60,4,1150.14,924.915,20.72
25.937,56,20,1785.49,1041.14,0,-0.0479458,0,1,0,0,0,7,60,4,1621.83,1156.17,11.51
25.94,60,19,1497.15,1007.14,0,0,0,0,0,0,0,7,60,0,1624.18,1897.86,13.59
25.9437,65,20,1719.13,979.98,0,0,0,0,0,0,0,7,60,0,1431.33,994.63,0
25.9533,78,18,1445.12,997.33,0,-0.0472847,0,1,0,0,0,7,60,4,1345.66,1262.46,9.89
25.9593,86,36,1812.5,1668.44,16.6428,-1.79232,0,1,0,0,0,7,60,4,1367.02,1253.6,11.13
25.9644,93,19,1490.23,1006.13,0,0,0,0,0,0,0,7,60,0,2121.58,1883.43,9.19
25.9659,95,26,1221.42,1309.52,9.1,2.7954,0,0,0,0,0,7,60,0,1418.07,805.78,0
25.9667,96,19,1609.25,1147.01,13.228,1.03844,0,1,1,32,0.15,7,60,4,1209.43,1341.16,9.95
25.9704,101,10,1418.07,805.78,0,0,0,0,0,0,0,7,60,0,1730.82,941.03,0
25.9807,115,21,2073.23,1107.43,13.9707,1.42401,0,1,0,0,0,7,60,4,1462.3,1001.73,0
25.9815,116,27,1641.05,1297.7,11.05,2.81785,0,0,0,0,0,7,60,0,1871.85,2006.53,12.1
25.9896,127,46,2321.23,1878.77,0,-0.0457902,0,1,0,0,0,7,60,4,1382.11,1241.35,16.67
25.9911,129,19,1459.93,998.13,0,0,0,0,0,0,0,7,60,0,2179.65,1175.35,16.98
25.9919,130,45,1977.15,1873.48,22.4884,2.96077,0,1,0,0,0,7,60,4,1820.28,1902.17,10.05
26.017,29,27,1674.32,1267.4,0,-0.0446426,-0.4,1,1,34,0.25,7,60,4,1648.09,1572.86,13.07
26.023,37,52,1901.33,2182.36,18.507,-1.77926,8.8,1,1,4,0.1,7,60,4,1152.17,925.567,23.3
26.037,56,20,1785.49,1041.14,0,-0.0437945,0,1,0,0,0,7,60,4,1621.31,1155.14,11.45
26.04,60,19,1497.15,1007.14,0,0,0,0,0,0,0,7,60,0,1624.4,1899.03,9.59
26.0437,65,20,1719.13,979.98,0,0,0,0,0,0,0,7,60,0,1431.33,994.63,0
26.0533,78,18,1445.12,997.33,0,-0.0430971,0,1,0,0,0,7,60,4,1346.53,1261.8,12.1
26.0593,86,36,1812.3,1667.34,14.0123,-1.78876,-19.5,1,1,4,0.1,7,60,4,1368.02,1253.03,11.8
26.0644,93,19,1490.23,1006.13,0,0,0,0,0,0,0,7,60,0,2122.57,1883.41,10.32
26.0659,95,26,1220.84,1310.05,9.99,2.3306,8.9,0,1,6,0.2,7,60,0,1418.07,805.78,0
26.0667,96,19,1609.7,1147.9,14.1744,1.06973,7,1,1,36,0.25,7,60,4,1209.79,1340.17,10.69
26.0704,101,10,1418.07,805.78,0,0,0,0,0,0,0,7,60,0,1730.82,941.03,0
26.0807,115,21,2073.34,1108.54,15.295,1.42799,9.8,1,1,4,0.1,7,60,4,1462.3,1001.73,0
26.0815,116,27,1639.95,1298.07,11.74,2.81609,6.9,0,1,4,0.1,7,60,0,1871.63,2005.26,13.07
26.0896,127,46,2321.23,1878.77,0,-0.0415237,0,1,0,0,0,7,60,4,1383.76,1240.41,19.22
26.0911,129,19,1459.93,998.13,0,0,0,0,0,0,0,7,60,0,2178.08,1175.6,15.72
26.0919,130,45,1975.39,1873.8,24.3534,2.91764,13.8,1,1,4,0.1,7,60,4,1819.32,1902.35,9.77
26.117,29,27,1674.32,1267.4,0,-0.040318,0,1,1,32,0.15,7,60,4,1649.39,1572.73,13.07
26.123,37,52,1901.11,2181,18.5083,-1.77492,0,1,0,0,0,7,60,4,1154.43,926.15,23.3
26.137,56,20,1785.49,1041.14,0,-0.0394287,0,1,0,0,0,7,60,4,1620.81,1154.12,11.45
26.14,60,19,1497.15,1007.14,0,0,0,0,0,0,0,7,60,0,1624.58,1899.98,9.59
26.1437,65,20,1719.13,979.98,0,0,0,0,0,0,0,7,60,0,1431.33,994.63,0
26.1533,78,18,1445.12,997.33,0,-0.0386983,0,1,0,0,0,7,60,4,1347.58,1261.18,12.1
26.1593,86,36,1812.12,1666.31,14.013,-1.78435,0,1,0,0,0,7,60,4,1369.05,1252.45,11.8
26.1644,93,19,1490.23,1006.13,0,0,0,0,0,0,0,7,60,0,2123.6,1883.39,10.32
26.1659,95,26,1220.15,1310.77,9.99,2.3306,0,0,0,0,0,7,60,0,1418.07,805.78,0
26.1667,96,19,1610.16,1148.84,14.175,1.07416,0,1,0,0,0,7,60,4,1210.15,1339.17,10.69
26.1704,101,10,1418.07,805.78,0,0,0,0,0,0,0,7,60,0,1730.82,941.03,0
26.1807,115,21,2073.45,1109.67,15.2955,1.43244,0,1,0,0,0,7,60,4,1462.3,1001.73,0
26.1815,116,27,1638.84,1298.45,11.74,2.81609,0,0,0,0,0,7,60,0,1871.41,2003.97,13.07
26.1896,127,46,2321.23,1878.77,0,-0.0370537,0,1,0,0,0,7,60,4,1385.43,1239.46,19.22
26.1911,129,19,1459.93,998.13,0,0,0,0,0,0,0,7,60,0,2176.53,1175.85,15.72
26.1919,130,45,1973.62,1874.13,24.354,2.92212,0,1,0,0,0,7,60,4,1818.36,1902.53,9.77
26.217,29,27,1674.32,1267.4,0,-0.035796,0,1,0,0,0,7,60,4,1650.69,1572.61,13.07
26.223,37,52,1900.88,2179.65,18.5084,-1.77039,0,1,0,0,0,7,60,4,1156.68,926.733,23.3
26.237,56,20,1785.49,1041.14,0,-0.0348698,0,1,0,0,0,7,60,4,1620.3,1153.09,11.45
26.24,60,19,1497.15,1007.14,0,0,0,0,0,0,0,7,60,0,1624.76,1900.92,9.59
26.2437,65,20,1719.13,979.98,0,0,0,0,0,0,0,7,60,0,1431.33,994.63,0
26.2533,78,18,1445.12,997.33,0,-0.0341101,0,1,0,0,0,7,60,4,1348.62,1260.57,12.1
26.2593,86,36,1811.94,1665.29,14.0127,-1.77975,0,1,0,0,0,7,60,4,1370.07,1251.86,11.8
26.2644,93,19,1490.23,1006.13,0,0,0,0,0,0,0,7,60,0,2124.64,1883.37,10.32
26.2659,95,26,1219.46,1311.5,9.99,2.3306,0,0,0,0,0,7,60,0,1418.07,805.78,0
26.2667,96,19,1610.63,1149.78,14.1746,1.07877,0,1,1,32,0.15,7,60,4,1210.52,1338.16,10.69
26.2704,101,10,1418.07,805.78,0,0,0,0,0,0,0,7,60,0,1730.82,941.03,0
26.2807,115,21,2073.57,1110.8,15.295,1.43707,0,1,0,0,0,7,60,4,1462.3,1001.73,0
26.2815,116,27,1637.72,1298.82,11.74,2.81609,0,0,0,0,0,7,60,0,1871.19,2002.69,13.07
26.2896,127,46,2321.23,1878.77,0,-0.0324023,0,1,0,0,0,7,60,4,1387.1,1238.52,19.22
26.2911,129,19,1459.93,998.13,0,0,0,0,0,0,0,7,60,0,2174.98,1176.11,15.72
26.2919,130,45,1971.84,1874.45,24.353,2.92677,0,1,0,0,0,7,60,4,1817.4,1902.71,9.77
26.317,29,27,1674.32,1267.4,0,-0.0310986,0,1,0,0,0,7,60,4,1651.99,1572.48,13.07
26.323,37,52,1900.66,2178.3,18.5072,-1.76568,0,1,0,0,0,7,60,4,1158.94,927.316,23.3
26.337,56,20,1785.49,1041.14,0,-0.0301401,0,1,0,0,0,7,60,4,1619.8,1152.06,11.45
26.34,60,19,1497.15,1007.14,0,0,0,0,0,0,0,7,60,0,1624.94,1901.86,9.59
26.3437,65,20,1719.13,979.98,0,0,0,0,0,0,0,7,60,0,1431.33,994.63,0
26.3533,78,18,1445.12,997.33,0,-0.0293547,0,1,0,0,0,7,60,4,1349.66,1259.95,12.1
26.3593,86,36,1811.76,1664.27,14.0115,-1.77498,0,1,0,0,0,7,60,4,1371.1,1251.28,11.8
26.3644,93,19,1490.23,1006.13,0,0,0,0,0,0,0,7,60,0,2125.67,1883.35,10.32
26.3659,95,26,1218.77,1312.22,9.99,2.3306,0,0,0,0,0,7,60,0,1418.07,805.78,0
26.3667,96,19,1611.09,1150.72,14.1734,1.08355,0,1,1,32,0.15,7,60,4,1210.88,1337.16,10.69
26.3704,101,10,1418.07,805.78,0,0,0,0,0,0,0,7,60,0,1730.82,941.03,0
26.3807,115,21,2073.68,1111.92,15.2934,1.44187,0,1,0,0,0,7,60,4,1462.3,1001.73,0
26.3815,116,27,1636.61,1299.2,11.74,2.81609,0,0,0,0,0,7,60,0,1870.97,2001.4,13.07
26.3896,127,46,2321.23,1878.77,0,-0.0275918,0,1,0,0,0,7,60,4,1388.78,1237.57,19.22
26.3911,129,19,1459.93,998.13,0,0,0,0,0,0,0,7,60,0,2173.43,1176.36,15.72
26.3919,130,45,1970.07,1874.78,24.3504,2.93159,0,1,0,0,0,7,60,4,1816.44,1902.89,9.77
26.417,29,27,1674.32,1267.4,0,-0.0262489,0,1,0,0,0,7,60,4,1653.29,1572.35,13.07
26.423,37,52,1900.44,2176.94,18.5049,-1.76082,0,1,0,0,0,7,60,4,1161.19,927.9,23.3
26.437,56,20,1785.49,1041.14,0,-0.0252628,0,1,0,0,0,7,60,4,1619.29,1151.04,11.45
26.44,60,19,1497.15,1007.14,0,0,0,0,0,0,0,7,60,0,1625.13,1902.8,9.59
26.4437,65,20,1719.13,979.98,0,0,0,0,0,0,0,7,60,0,1431.33,994.63,0
26.4533,78,18,1445.12,997.33,0,-0.0244556,0,1,0,0,0,7,60,4,1350.7,1259.34,12.1
26.4593,86,36,1811.58,1663.25,14.0094,-1.77008,0,1,0,0,0,7,60,4,1372.13,1250.7,11.8
26.4659,95,26,1218.08,1312.94,9.99,2.3306,0,0,0,0,0,7,60,0,1418.07,805.78,0
26.4667,96,19,1611.56,1151.66,14.1711,1.08846,0,1,1,32,0.15,7,60,4,1211.25,1336.16,10.69
26.4704,101,10,1418.07,805.78,0,0,0,0,0,0,0,7,60,0,1730.82,941.03,0
26.4807,115,21,2073.8,1113.05,15.2909,1.44681,0,1,0,0,0,7,60,4,1462.3,1001.73,0
26.4815,116,27,1635.5,1299.57,11.74,2.81609,0,0,0,0,0,7,60,0,1870.75,2000.11,13.07
26.4896,127,46,2321.23,1878.77,0,-0.0226465,0,1,0,0,0,7,60,4,1390.45,1236.62,19.22
26.4911,129,19,1459.93,998.13,0,0,0,0,0,0,0,7,60,0,2171.88,1176.61,15.72
26.4919,130,45,1968.29,1875.11,24.3461,2.93653,0,1,0,0,0,7,60,4,1815.48,1903.07,9.77
26.517,29,27,1674.32,1267.4,0,-0.0212708,0,1,0,0,0,7,60,4,1654.59,1572.23,13.07
26.523,37,52,1900.21,2175.59,18.5012,-1.75584,0,1,0,0,0,7,60,4,1163.45,928.483,23.3
26.537,56,20,1785.49,1041.14,0,-0.0202616,0,1,0,0,0,7,60,4,1618.78,1150.01,11.45
26.54,60,19,1497.15,1007.14,0,0,0,0,0,0,0,7,60,0,1625.31,1903.74,9.59
26.5437,65,20,1719.13,979.98,0,0,0,0,0,0,0,7,60,0,1431.33,994.63,0
26.5533,78,18,1445.12,997.33,0,-0.0194364,0,1,0,0,0,7,60,4,1351.74,1258.72,12.1
26.5593,86,36,1811.4,1662.23,14.0063,-1.76505,0,1,0,0,0,7,60,4,1373.15,1250.12,11.8
26.5659,95,26,1217.4,1313.67,9.99,2.3306,0,0,0,0,0,7,60,0,1418.07,805.78,0
26.5667,96,19,1612.02,1152.61,14.1679,1.0935,0,1,1,32,0.15,7,60,4,1211.62,1335.15,10.69
26.5704,101,10,1418.07,805.78,0,0,0,0,0,0,0,7,60,0,1730.82,941.03,0
26.5807,115,21,2073.91,1114.18,15.2873,1.45185,0,1,0,0,0,7,60,4,1462.3,1001.73,0
26.5815,116,27,1634.39,1299.95,11.74,2.81609,0,0,0,0,0,7,60,0,1870.53,1998.82,13.07
26.5896,127,46,2321.23,1878.77,0,-0.0175903,0,1,0,0,0,7,60,4,1392.12,1235.67,19.22
26.5911,129,19,1459.93,998.13,0,0,0,0,0,0,0,7,60,0,2170.33,1176.87,15.72
26.5919,130,45,1966.52,1875.44,24.3402,2.94159,0,1,0,0,0,7,60,4,1814.52,1903.25,9.77
26.617,29,27,1674.32,1267.4,0,-0.016188,0,1,0,0,0,7,60,4,1655.89,1572.1,13.07
26.623,37,52,1899.99,2174.24,18.4964,-1.75075,0,1,0,0,0,7,60,4,1165.71,929.066,23.3
26.637,56,20,1785.49,1041.14,0,-0.0151615,0,1,0,0,0,7,60,4,1618.28,1148.98,11.45
26.64,60,19,1497.15,1007.14,0,0,0,0,0,0,0,7,60,0,1625.49,1904.68,9.59
26.6437,65,20,1719.13,979.98,0,0,0,0,0,0,0,7,60,0,1431.33,994.63,0
26.6533,78,18,1445.12,997.33,0,-0.0143226,0,1,0,0,0,7,60,4,1352.79,1258.11,12.1
26.6593,86,36,1811.22,1661.2,14.0023,-1.75993,0,1,0,0,0,7,60,4,1374.18,1249.53,11.8
26.6659,95,26,1216.71,1314.39,9.99,2.3306,0,0,0,0,0,7,60,0,1418.07,805.78,0
26.6667,96,19,1612.49,1153.55,14.1638,1.09862,0,1,1,32,0.15,7,60,4,1211.98,1334.15,10.69
26.6704,101,10,1418.07,805.78,0,0,0,0,0,0,0,7,60,0,1730.82,941.03,0
26.6807,115,21,2074.03,1115.31,15.2827,1.45699,0,1,0,0,0,7,60,4,1462.3,1001.73,0
26.6815,116,27,1633.27,1300.32,11.74,2.81609,0,0,0,0,0,7,60,0,1870.3,1997.53,13.07
26.6896,127,46,2321.23,1878.77,0,-0.012448,0,1,0,0,0,7,60,4,1393.79,1234.73,19.22
26.6911,129,19,1459.93,998.13,0,0,0,0,0,0,0,7,60,0,2168.78,1177.12,15.72
26.6919,130,45,1964.75,1875.76,24.3328,2.94674,0,1,0,0,0,7,60,4,1813.55,1903.43,9.77
26.717,29,27,1674.32,1267.4,0,-0.0110268,0,1,0,0,0,7,60,4,1657.19,1571.97,13.07
26.723,37,52,1899.77,2172.89,18.4903,-1.74558,0,1,0,0,0,7,60,4,1167.96,929.649,23.3
26.737,56,20,1785.49,1041.14,0,-0.00998686,0,1,0,0,0,7,60,4,1617.77,1147.95,11.45
26.74,60,19,1497.15,1007.14,0,0,0,0,0,0,0,7,60,0,1625.67,1905.62,9.59
26.7437,65,20,1719.13,979.98,0,0,0,0,0,0,0,7,60,0,1431.33,994.63,0
26.7533,78,18,1445.12,997.33,0,-0.00913823,0,1,0,0,0,7,60,4,1353.83,1257.49,12.1
26.7593,86,36,1811.04,1660.18,13.9974,-1.75474,0,1,0,0,0,7,60,4,1375.2,1248.95,11.8
26.7659,95,26,1216.02,1315.12,9.99,2.3306,0,0,0,0,0,7,60,0,1418.07,805.78,0
26.7667,96,19,1612.95,1154.49,14.1588,1.10381,0,1,1,32,0.15,7,60,4,1212.35,1333.14,10.69
26.7704,101,10,1418.07,805.78,0,0,0,0,0,0,0,7,60,0,1730.82,941.03,0
26.7807,115,21,2074.14,1116.43,15.2771,1.46219,0,1,0,0,0,7,60,4,1462.3,1001.73,0
26.7815,116,27,1632.16,1300.7,11.74,2.81609,0,0,0,0,0,7,60,0,1870.08,1996.25,13.07
26.7896,127,46,2321.23,1878.77,0,-0.00724404,0,1,0,0,0,7,60,4,1395.47,1233.78,19.22
26.7911,129,19,1459.93,998.13,0,0,0,0,0,0,0,7,60,0,2167.22,1177.37,15.72
26.7919,130,45,1962.97,1876.09,24.3237,2.95194,0,1,0,0,0,7,60,4,1812.59,1903.61,9.77
26.817,29,27,1674.32,1267.4,0,-0.00581105,0,1,0,0,0,7,60,4,1658.49,1571.85,13.07
26.823,37,52,1899.54,2171.53,18.4831,-1.74037,0,1,0,0,0,7,60,4,1170.22,930.232,23.3
26.837,56,20,1785.49,1041.14,0,-0.00476331,0,1,0,0,0,7,60,4,1617.27,1146.93,11.45
26.84,60,19,1497.15,1007.14,0,0,0,0,0,0,0,7,60,0,1625.86,1906.57,9.59
26.8437,65,20,1719.13,979.98,0,0,0,0,0,0,0,7,60,0,1431.33,994.63,0
26.8533,78,18,1445.12,997.33,0,-0.00390913,0,1,0,0,0,7,60,4,1354.87,1256.88,12.1
26.8593,86,36,1810.86,1659.16,13.9915,-1.74951,0,1,0,0,0,7,60,4,1376.23,1248.37,11.8
26.8659,95,26,1215.33,1315.84,9.99,2.3306,0,0,0,0,0,7,60,0,1418.07,805.78,0
26.8667,96,19,1613.42,1155.43,14.1528,1.10905,0,1,1,32,0.15,7,60,4,1212.72,1332.14,10.69
26.8704,101,10,1418.07,805.78,0,0,0,0,0,0,0,7,60,0,1730.82,941.03,0
26.8807,115,21,2074.25,1117.56,15.2705,1.46743,0,1,0,0,0,7,60,4,1462.3,1001.73,0
26.8815,116,27,1631.05,1301.07,11.74,2.81609,0,0,0,0,0,7,60,0,1869.86,1994.96,13.07
26.8896,127,46,2321.23,1878.77,0,-0.00200526,0,1,0,0,0,7,60,4,1397.14,1232.83,19.22
26.8911,129,19,1459.93,998.13,0,0,0,0,0,0,0,7,60,0,2165.67,1177.63,15.72
26.8919,130,45,1961.2,1876.42,24.313,2.95718,0,1,0,0,0,7,60,4,1811.63,1903.79,9.77
26.917,29,27,1674.32,1267.4,0,-0.000566842,0,1,0,0,0,7,60,4,1659.8,1571.72,13.07
26.923,37,52,1899.32,2170.18,18.4746,-1.73512,0,1,0,0,0,7,60,4,1172.47,930.815,23.3
26.937,56,20,1785.49,1041.14,0,0.000483303,0,1,0,0,0,7,60,4,1616.76,1145.9,11.45
26.94,60,19,1497.15,1007.14,0,0,0,0,0,0,0,7,60,0,1626.04,1907.51,9.59
26.9437,65,20,1719.13,979.98,0,0,0,0,0,0,0,7,60,0,1431.33,994.63,0
26.9533,78,18,1445.12,997.33,0,0.00133885,0,1,0,0,0,7,60,4,1355.91,1256.26,12.1
26.9593,86,36,1810.68,1658.14,13.9848,-1.74426,0,1,0,0,0,7,60,4,1377.26,1247.78,11.8
26.9659,95,26,1214.64,1316.57,9.99,2.3306,0,0,0,0,0,7,60,0,1418.07,805.78,0
26.9667,96,19,1613.88,1156.37,14.1459,1.1143,0,1,1,32,0.15,7,60,4,1213.08,1331.13,10.69
26.9704,101,10,1418.07,805.78,0,0,0,0,0,0,0,7,60,0,1730.82,941.03,0
26.9807,115,21,2074.37,1118.69,15.263,1.47267,0,1,0,0,0,7,60,4,1462.3,1001.73,0
26.9815,116,27,1629.94,1301.45,11.74,2.81609,0,0,0,0,0,7,60,0,1869.64,1993.67,13.07
26.9896,127,46,2321.23,1878.77,0,0.00324334,0,1,0,0,0,7,60,4,1398.81,1231.88,19.22
26.9911,129,19,1459.93,998.13,0,0,0,0,0,0,0,7,60,0,2164.12,1177.88,15.72
26.9919,130,45,1959.42,1876.75,24.3007,2.96243,0,1,0,0,0,7,60,4,1810.67,1903.97,9.77
27.017,29,27,1674.32,1267.4,0,0.0046803,0,1,0,0,0,7,60,4,1661.02,1571.52,12.97
27.023,37,52,1899.09,2168.83,18.182,-1.72961,-2.1,1,0,0,0,7,60,4,1174.79,931.391,25.61
27.037,56,20,1785.49,1041.14,0,0.00572743,0,1,0,0,0,7,60,4,1616.25,1144.89,10.95
27.04,60,19,1497.15,1007.14,0,0,0,0,0,0,0,7,60,0,1626.19,1908.3,5.72
27.0437,65,20,1719.13,979.98,0,0,0,0,0,0,0,7,60,0,1431.33,994.63,0
27.0533,78,18,1445.12,997.33,0,0.00658016,0,1,0,0,0,7,60,4,1357.06,1255.6,14.32
27.0593,86,36,1810.69,1657.23,11.3648,-1.37734,-19.4,1,1,6,0.2,7,60,4,1378.34,1247.17,12.84
27.0659,95,26,1214.09,1317.43,11.18,2.0725,11.9,0,1,6,0.2,7,60,0,1418.07,805.78,0
27.0667,96,19,1614.37,1157.36,15.1345,1.11881,7.4,1,1,36,0.25,7,60,4,1213.54,1330.16,10.83
27.0704,101,10,1418.07,805.78,0,0,0,0,0,0,0,7,60,0,1730.82,941.03,0
27.0807,115,21,2074.49,1119.92,16.9777,1.47796,12.8,1,1,4,0.1,7,60,4,1462.3,1001.73,0
27.0815,116,27,1628.74,1301.87,12.94,2.80215,12,0,1,4,0.1,7,60,0,1869.41,1992.31,13.98
27.0896,127,46,2321.23,1878.77,0,0.00847606,0,1,0,0,0,7,60,4,1400.63,1230.85,21.19
27.0911,129,19,1459.93,998.13,0,0,0,0,0,0,0,7,60,0,2162.47,1178.15,16.86
27.0919,130,45,1957.45,1877.11,27.316,2.96605,22.5,1,1,4,0.1,7,60,4,1809.72,1904.13,9.67
27.117,29,27,1674.32,1267.4,0,0.00990424,0,1,0,0,0,7,60,4,1662.18,1570.94,12.97
27.123,37,52,1898.87,2167.5,18.1713,-1.72439,0,1,0,0,0,7,60,4,1177.29,931.94,25.61
27.137,56,20,1785.49,1041.14,0,0.0109438,0,1,0,0,0,7,60,4,1615.75,1143.92,10.95
27.14,60,19,1497.15,1007.14,0,0,0,0,0,0,0,7,60,0,1626.3,1908.86,5.72
27.1437,65,20,1719.13,979.98,0,0,0,0,0,0,0,7,60,0,1431.33,994.63,0
27.1533,78,18,1445.12,997.33,0,0.0117896,0,1,0,0,0,7,60,4,1358.31,1254.89,14.32
27.1593,86,36,1810.85,1656.4,11.3578,-1.37213,0,1,0,0,0,7,60,4,1379.45,1246.54,12.84
27.1659,95,26,1213.55,1318.41,11.18,2.0725,0,0,0,0,0,7,60,0,1418.07,805.78,0
27.1667,96,19,1614.87,1158.36,15.1251,1.12401,0,1,0,0,0,7,60,4,1214.05,1329.2,10.83
27.1704,101,10,1418.07,805.78,0,0,0,0,0,0,0,7,60,0,1730.82,941.03,0
27.1807,115,21,2074.62,1121.17,16.9671,1.48315,0,1,0,0,0,7,60,4,1462.3,1001.73,0
27.1815,116,27,1627.52,1302.3,12.94,2.80215,0,0,0,0,0,7,60,0,1869.17,1990.93,13.98
27.1896,127,46,2321.23,1878.77,0,0.0136679,0,1,0,0,0,7,60,4,1402.48,1229.8,21.19
27.1911,129,19,1459.93,998.13,0,0,0,0,0,0,0,7,60,0,2160.81,1178.42,16.86
27.1919,130,45,1955.45,1877.49,27.2987,2.97124,0,1,0,0,0,7,60,4,1808.77,1904.3,9.67
27.217,29,27,1674.32,1267.4,0,0.0150798,0,1,0,0,0,7,60,4,1663.34,1570.36,12.97
27.223,37,52,1898.65,2166.17,18.1594,-1.71922,0,1,0,0,0,7,60,4,1179.79,932.491,25.61
27.237,56,20,1785.49,1041.14,0,0.0161067,0,1,0,0,0,7,60,4,1615.24,1142.95,10.95
27.24,60,19,1497.15,1007.14,0,0,0,0,0,0,0,7,60,0,1626.41,1909.42,5.72
27.2437,65,20,1719.13,979.98,0,0,0,0,0,0,0,7,60,0,1431.33,994.63,0
27.2533,78,18,1445.12,997.33,0,0.0169413,0,1,0,0,0,7,60,4,1359.55,1254.18,14.32
27.2593,86,36,1811.01,1655.57,11.3501,-1.36698,0,1,0,0,0,7,60,4,1380.57,1245.91,12.84
27.2659,95,26,1213.01,1319.39,11.18,2.0725,0,0,0,0,0,7,60,0,1418.07,805.78,0
27.2667,96,19,1615.37,1159.37,15.1148,1.12915,0,1,1,32,0.15,7,60,4,1214.56,1328.25,10.83
27.2704,101,10,1418.07,805.78,0,0,0,0,0,0,0,7,60,0,1730.82,941.03,0
27.2807,115,21,2074.75,1122.43,16.9553,1.48828,0,1,0,0,0,7,60,4,1462.3,1001.73,0
27.2815,116,27,1626.3,1302.73,12.94,2.80215,0,0,0,0,0,7,60,0,1868.94,1989.55,13.98
27.2896,127,46,2321.23,1878.77,0,0.0187917,0,1,0,0,0,7,60,4,1404.32,1228.75,21.19
27.2911,129,19,1459.93,998.13,0,0,0,0,0,0,0,7,60,0,2159.14,1178.69,16.86
27.2919,130,45,1953.46,1877.86,27.2796,2.97637,0,1,0,0,0,7,60,4,1807.81,1904.46,9.67
27.317,29,27,1674.32,1267.4,0,0.0201816,0,1,0,0,0,7,60,4,1664.5,1569.79,12.97
27.323,37,52,1898.43,2164.84,18.1464,-1.71412,0,1,0,0,0,7,60,4,1182.29,933.04,25.61
27.337,56,20,1785.49,1041.14,0,0.0211906,0,1,0,0,0,7,60,4,1614.73,1141.98,10.95
27.34,60,19,1497.15,1007.14,0,0,0,0,0,0,0,7,60,0,1626.51,1909.98,5.72
27.3437,65,20,1719.13,979.98,0,0,0,0,0,0,0,7,60,0,1431.33,994.63,0
27.3533,78,18,1445.12,997.33,0,0.0220099,0,1,0,0,0,7,60,4,1360.79,1253.47,14.32
27.3593,86,36,1811.16,1654.74,11.3417,-1.36192,0,1,0,0,0,7,60,4,1381.69,1245.28,12.84
27.3659,95,26,1212.47,1320.37,11.18,2.0725,0,0,0,0,0,7,60,0,1418.07,805.78,0
27.3667,96,19,1615.86,1160.38,15.1035,1.13421,0,1,1,32,0.15,7,60,4,1215.06,1327.29,10.83
27.3704,101,10,1418.07,805.78,0,0,0,0,0,0,0,7,60,0,1730.82,941.03,0
27.3807,115,21,2074.87,1123.68,16.9425,1.49333,0,1,0,0,0,7,60,4,1462.3,1001.73,0
27.3815,116,27,1625.08,1303.16,12.94,2.80215,0,0,0,0,0,7,60,0,1868.7,1988.17,13.98
27.3896,127,46,2321.23,1878.77,0,0.0238246,0,1,0,0,0,7,60,4,1406.16,1227.71,21.19
27.3911,129,19,1459.93,998.13,0,0,0,0,0,0,0,7,60,0,2157.48,1178.96,16.86
27.3919,130,45,1951.46,1878.23,27.2588,2.9814,0,1,0,0,0,7,60,4,1806.86,1904.63,9.67
27.417,29,27,1674.32,1267.4,0,0.0251841,0,1,0,0,0,7,60,4,1665.66,1569.21,12.97
27.423,37,52,1898.21,2163.51,18.1322,-1.70913,0,1,0,0,0,7,60,4,1184.79,933.59,25.61
27.437,56,20,1785.49,1041.14,0,0.0261708,0,1,0,0,0,7,60,4,1614.23,1141.01,10.95
27.44,60,19,1497.15,1007.14,0,0,0,0,0,0,0,7,60,0,1626.62,1910.54,5.72
27.4437,65,20,1719.13,979.98,0,0,0,0,0,0,0,7,60,0,1431.33,994.63,0
27.4533,78,18,1445.12,997.33,0,0.0269709,0,1,0,0,0,7,60,4,1362.04,1252.76,14.32
27.4593,86,36,1811.32,1653.91,11.3326,-1.35696,0,1,0,0,0,7,60,4,1382.81,1244.64,12.84
27.4659,95,26,1211.93,1321.35,11.18,2.0725,0,0,0,0,0,7,60,0,1418.07,805.78,0
27.4667,96,19,1616.36,1161.39,15.0913,1.13915,0,1,1,32,0.15,7,60,4,1215.57,1326.33,10.83
27.4704,101,10,1418.07,805.78,0,0,0,0,0,0,0,7,60,0,1730.82,941.03,0
27.4807,115,21,2075,1124.94,16.9287,1.49825,0,1,0,0,0,7,60,4,1462.3,1001.73,0
27.4815,116,27,1623.86,1303.59,12.94,2.80215,0,0,0,0,0,7,60,0,1868.46,1986.8,13.98
27.4896,127,46,2321.23,1878.77,0,0.0287403,0,1,0,0,0,7,60,4,1408.01,1226.66,21.19
27.4911,129,19,1459.93,998.13,0,0,0,0,0,0,0,7,60,0,2155.82,1179.23,16.86
27.4919,130,45,1949.47,1878.6,27.2363,2.98631,0,1,0,0,0,7,60,4,1805.91,1904.79,9.67
27.517,29,27,1674.32,1267.4,0,0.0300843,0,1,0,0,0,7,60,4,1666.83,1568.63,12.97
27.523,37,52,1897.99,2162.17,18.1169,-1.70426,0,1,0,0,0,7,60,4,1187.29,934.14,25.61
27.537,56,20,1785.49,1041.14,0,0.0310224,0,1,0,0,0,7,60,4,1613.72,1140.04,10.95
27.54,60,19,1497.15,1007.14,0,0,0,0,0,0,0,7,60,0,1626.73,1911.11,5.72
27.5437,65,20,1719.13,979.98,0,0,0,0,0,0,0,7,60,0,1431.33,994.63,0
27.5533,78,18,1445.12,997.33,0,0.0317999,0,1,0,0,0,7,60,4,1363.28,1252.05,14.32
27.5593,86,36,1811.48,1653.08,11.3228,-1.35214,0,1,0,0,0,7,60,4,1383.92,1244.01,12.84
27.5659,95,26,1211.4,1322.33,11.18,2.0725,0,0,0,0,0,7,60,0,1418.07,805.78,0
27.5667,96,19,1616.86,1162.39,15.0781,1.14396,0,1,1,32,0.15,7,60,4,1216.08,1325.38,10.83
27.5704,101,10,1418.07,805.78,0,0,0,0,0,0,0,7,60,0,1730.82,941.03,0
27.5807,115,21,2075.13,1126.19,16.9138,1.50304,0,1,0,0,0,7,60,4,1462.3,1001.73,0
27.5815,116,27,1622.64,1304.02,12.94,2.80215,0,0,0,0,0,7,60,0,1868.23,1985.42,13.98
27.5896,127,46,2321.23,1878.77,0,0.0335152,0,1,0,0,0,7,60,4,1409.85,1225.62,21.19
27.5911,129,19,1459.93,998.13,0,0,0,0,0,0,0,7,60,0,2154.15,1179.5,16.86
27.5919,130,45,1947.47,1878.97,27.2122,2.99108,0,1,0,0,0,7,60,4,1804.96,1904.96,9.67
27.617,29,27,1674.32,1267.4,0,0.0347962,0,1,0,0,0,7,60,4,1667.98,1568.05,12.97
27.623,37,52,1897.77,2160.84,18.1004,-1.69953,0,1,0,0,0,7,60,4,1189.79,934.69,25.61
27.637,56,20,1785.49,1041.14,0,0.0357224,0,1,0,0,0,7,60,4,1613.21,1139.07,10.95
27.64,60,19,1497.15,1007.14,0,0,0,0,0,0,0,7,60,0,1626.84,1911.67,5.72
27.6437,65,20,1719.13,979.98,0,0,0,0,0,0,0,7,60,0,1431.33,994.63,0
27.6533,78,18,1445.12,997.33,0,0.0364724,0,1,0,0,0,7,60,4,1364.53,1251.34,14.32
27.6593,86,36,1811.63,1652.25,11.3122,-1.34748,0,1,0,0,0,7,60,4,1385.04,1243.38,12.84
27.6659,95,26,1210.86,1323.31,11.18,2.0725,0,0,0,0,0,7,60,0,1418.07,805.78,0
27.6667,96,19,1617.36,1163.4,15.064,1.14861,0,1,1,32,0.15,7,60,4,1216.58,1324.42,10.83
27.6704,101,10,1418.07,805.78,0,0,0,0,0,0,0,7,60,0,1730.82,941.03,0
27.6807,115,21,2075.25,1127.44,16.8978,1.50767,0,1,0,0,0,7,60,4,1462.3,1001.73,0
27.6815,116,27,1621.42,1304.46,12.94,2.80215,0,0,0,0,0,7,60,0,1867.99,1984.04,13.98
27.6896,127,46,2321.23,1878.77,0,0.038126,0,1,0,0,0,7,60,4,1411.69,1224.57,21.19
27.6911,129,19,1459.93,998.13,0,0,0,0,0,0,0,7,60,0,2152.49,1179.77,16.86
27.717,29,27,1674.32,1267.4,0,0.0393575,0,1,0,0,0,7,60,4,1669.15,1567.47,12.97
27.723,37,52,1897.55,2159.51,18.0829,-1.69498,0,1,0,0,0,7,60,4,1192.29,935.24,25.61
27.737,56,20,1785.49,1041.14,0,0.0402473,0,1,0,0,0,7,60,4,1612.71,1138.1,10.95
27.74,60,19,1497.15,1007.14,0,0,0,0,0,0,0,7,60,0,1626.95,1912.23,5.72
27.7437,65,20,1719.13,979.98,0,0,0,0,0,0,0,7,60,0,1431.33,994.63,0
27.7533,78,18,1445.12,997.33,0,0.0409671,0,1,0,0,0,7,60,4,1365.77,1250.63,14.32
27.7593,86,36,1811.79,1651.42,11.301,-1.343,0,1,0,0,0,7,60,4,1386.16,1242.75,12.84
27.7659,95,26,1210.32,1324.29,11.18,2.0725,0,0,0,0,0,7,60,0,1418.07,805.78,0
27.7667,96,19,1617.86,1164.41,15.049,1.15308,0,1,1,32,0.15,7,60,4,1217.09,1323.46,10.83
27.7704,101,10,1418.07,805.78,0,0,0,0,0,0,0,7,60,0,1730.82,941.03,0
27.7807,115,21,2075.38,1128.7,16.8808,1.51211,0,1,0,0,0,7,60,4,1462.3,1001.73,0
27.7815,116,27,1620.2,1304.89,12.94,2.80215,0,0,0,0,0,7,60,0,1867.76,1982.66,13.98
27.7896,127,46,2321.23,1878.77,0,0.0425494,0,1,0,0,0,7,60,4,1413.53,1223.52,21.19
27.7911,129,19,1459.93,998.13,0,0,0,0,0,0,0,7,60,0,2150.82,1180.04,16.86
27.817,29,27,1674.32,1267.4,0,0.0437269,0,1,0,0,0,7,60,4,1670.31,1566.89,12.97
27.823,37,52,1897.33,2158.18,18.0643,-1.69063,0,1,0,0,0,7,60,4,1194.8,935.79,25.61
27.837,56,20,1785.49,1041.14,0,0.0445757,0,1,0,0,0,7,60,4,1612.2,1137.13,10.95
27.84,60,19,1497.15,1007.14,0,0,0,0,0,0,0,7,60,0,1627.05,1912.79,5.72
27.8437,65,20,1719.13,979.98,0,0,0,0,0,0,0,7,60,0,1431.33,994.63,0
27.8533,78,18,1445.12,997.33,0,0.0452608,0,1,0,0,0,7,60,4,1367.01,1249.93,14.32
27.8593,86,36,1811.95,1650.59,11.2891,-1.33872,0,1,0,0,0,7,60,4,1387.28,1242.11,12.84
27.8659,95,26,1209.78,1325.27,11.18,2.0725,0,0,0,0,0,7,60,0,1418.07,805.78,0
27.8667,96,19,1618.36,1165.42,15.0331,1.15734,0,1,1,32,0.15,7,60,4,1217.6,1322.51,10.83
27.8704,101,10,1418.07,805.78,0,0,0,0,0,0,0,7,60,0,1730.82,941.03,0
27.8807,115,21,2075.51,1129.95,16.8629,1.51634,0,1,0,0,0,7,60,4,1462.3,1001.73,0
27.8815,116,27,1618.97,1305.32,12.94,2.80215,0,0,0,0,0,7,60,0,1867.52,1981.28,13.98
27.8896,127,46,2321.23,1878.77,0,0.0467651,0,1,0,0,0,7,60,4,1415.38,1222.48,21.19
27.8911,129,19,1459.93,998.13,0,0,0,0,0,0,0,7,60,0,2149.16,1180.31,16.86
27.917,29,27,1674.32,1267.4,0,0.0478818,0,1,0,0,0,7,60,4,1671.47,1566.31,12.97
27.923,37,52,1897.11,2156.85,18.0446,-1.68648,0,1,0,0,0,7,60,4,1197.3,936.34,25.61
27.937,56,20,1785.49,1041.14,0,0.0486848,0,1,0,0,0,7,60,4,1611.69,1136.16,10.95
27.94,60,19,1497.15,1007.14,0,0,0,0,0,0,0,7,60,0,1627.16,1913.35,5.72
27.9437,65,20,1719.13,979.98,0,0,0,0,0,0,0,7,60,0,1431.33,994.63,0
27.9533,78,18,1445.12,997.33,0,0.0493324,0,1,0,0,0,7,60,4,1368.26,1249.22,14.32
27.9593,86,36,1812.1,1649.76,11.2766,-1.33466,0,1,0,0,0,7,60,4,1388.39,1241.48,12.84
27.9659,95,26,1209.25,1326.25,11.18,2.0725,0,0,0,0,0,7,60,0,1418.07,805.78,0
27.9667,96,19,1618.85,1166.42,15.0163,1.16139,0,1,1,32,0.15,7,60,4,1218.11,1321.55,10.83
27.9704,101,10,1418.07,805.78,0,0,0,0,0,0,0,7,60,0,1730.82,941.03,0
27.9807,115,21,2075.63,1131.21,16.8439,1.52035,0,1,0,0,0,7,60,4,1462.3,1001.73,0
27.9815,116,27,1617.75,1305.75,12.94,2.80215,0,0,0,0,0,7,60,0,1867.28,1979.91,13.98
27.9896,127,46,2321.23,1878.77,0,0.0507516,0,1,0,0,0,7,60,4,1417.22,1221.43,21.19
27.9911,129,19,1459.93,998.13,0,0,0,0,0,0,0,7,60,0,2147.5,1180.58,16.86
28.017,29,27,1674.32,1267.4,0,0.0518177,0,1,0,0,0,7,60,4,1672.58,1565.78,12.52
28.023,37,52,1896.89,2155.51,18.0639,-1.6821,0.3,1,0,0,0,7,60,4,1199.84,936.894,27.28
28.037,56,20,1785.49,1041.14,0,0.0525559,0,1,0,0,0,7,60,4,1611.18,1135.19,11.26
28.04,60,19,1497.15,1007.14,0,0,0,0,0,0,0,7,60,0,1627.24,1913.75,1.47
28.0437,65,20,1719.13,979.98,0,0,0,0,0,0,0,7,60,0,1431.33,994.63,0
28.0533,78,18,1445.12,997.33,0,0.0531629,0,1,0,0,0,7,60,4,1369.29,1248.63,9.82
28.0593,86,36,1812.09,1648.93,11.4102,-1.669,1.1,1,1,2,0.1,7,60,4,1389.3,1240.76,10.9
28.0659,95,26,1208.78,1327.34,12.4,1.92749,12.2,0,1,6,0.2,7,60,0,1418.07,805.78,0
28.0667,96,19,1619.4,1167.5,16.6934,1.15687,12.7,1,1,164,0.35,7,60,4,1218.56,1320.87,6.83
28.0704,101,10,1418.07,805.78,0,0,0,0,0,0,0,7,60,0,1730.82,941.03,0
28.0807,115,21,2075.77,1132.53,17.8779,1.52552,7.9,1,1,4,0.1,7,60,4,1462.3,1001.73,0
28.0815,116,27,1616.46,1306.21,13.87,2.80024,9.3,0,1,4,0.1,7,60,0,1867.04,1978.47,14.7
28.0896,127,46,2321.23,1878.77,0,0.0544896,0,1,0,0,0,7,60,4,1419.04,1220.4,21.01
28.0911,129,19,1459.93,998.13,0,0,0,0,0,0,0,7,60,0,2145.86,1180.85,16.55
28.117,29,27,1674.32,1267.4,0,0.0554792,0,1,1,128,0.1,7,60,4,1673.75,1565.32,12.52
28.123,37,52,1896.67,2154.18,18.0421,-1.67845,0,1,0,0,0,7,60,4,1202.5,937.461,27.28
28.137,56,20,1785.49,1041.14,0,0.0561696,0,1,0,0,0,7,60,4,1610.65,1134.2,11.26
28.14,60,19,1497.15,1007.14,0,0,0,0,0,0,0,7,60,0,1627.27,1913.89,1.47
28.1437,65,20,1719.13,979.98,0,0,0,0,0,0,0,7,60,0,1431.33,994.63,0
28.1533,78,18,1445.12,997.33,0,0.056733,0,1,0,0,0,7,60,4,1370.15,1248.14,9.82
28.1593,86,36,1811.96,1648.08,11.3961,-1.66544,0,1,0,0,0,7,60,4,1390.07,1239.99,10.9
28.1659,95,26,1208.35,1328.5,12.4,1.92749,0,0,0,0,0,7,60,0,1418.07,805.78,0
28.1667,96,19,1619.96,1168.62,16.6728,1.16041,0,1,0,0,0,7,60,4,1218.99,1320.34,6.83
28.1704,101,10,1418.07,805.78,0,0,0,0,0,0,0,7,60,0,1730.82,941.03,0
28.1807,115,21,2075.9,1133.86,17.8557,1.52901,0,1,0,0,0,7,60,4,1462.3,1001.73,0
28.1815,116,27,1615.16,1306.67,13.87,2.80024,0,0,0,0,0,7,60,0,1866.79,1977.02,14.7
28.1896,127,46,2321.23,1878.77,0,0.0579607,0,1,0,0,0,7,60,4,1420.86,1219.36,21.01
28.1911,129,19,1459.93,998.13,0,0,0,0,0,0,0,7,60,0,2144.23,1181.12,16.55
28.217,29,27,1674.32,1267.4,0,0.0588633,0,1,0,0,0,7,60,4,1674.91,1564.87,12.52
28.223,37,52,1896.45,2152.84,18.0192,-1.67507,0,1,0,0,0,7,60,4,1205.17,938.028,27.28
28.237,56,20,1785.49,1041.14,0,0.059508,0,1,0,0,0,7,60,4,1610.12,1133.21,11.26
28.24,60,19,1497.15,1007.14,0,0,0,0,0,0,0,7,60,0,1627.3,1914.04,1.47
28.2437,65,20,1719.13,979.98,0,0,0,0,0,0,0,7,60,0,1431.33,994.63,0
28.2533,78,18,1445.12,997.33,0,0.0600249,0,1,0,0,0,7,60,4,1371,1247.66,9.82
28.2593,86,36,1811.83,1647.24,11.3815,-1.66217,0,1,0,0,0,7,60,4,1390.83,1239.21,10.9
28.2659,95,26,1207.92,1329.66,12.4,1.92749,0,0,0,0,0,7,60,0,1418.07,805.78,0
28.2667,96,19,1620.52,1169.74,16.6512,1.16366,0,1,1,32,0.15,7,60,4,1219.41,1319.81,6.83
28.2704,101,10,1418.07,805.78,0,0,0,0,0,0,0,7,60,0,1730.82,941.03,0
28.2807,115,21,2076.03,1135.19,17.8325,1.53223,0,1,0,0,0,7,60,4,1462.3,1001.73,0
28.2815,116,27,1613.85,1307.14,13.87,2.80024,0,0,0,0,0,7,60,0,1866.54,1975.57,14.7
28.2896,127,46,2321.23,1878.77,0,0.0611479,0,1,0,0,0,7,60,4,1422.69,1218.32,21.01
28.2911,129,19,1459.93,998.13,0,0,0,0,0,0,0,7,60,0,2142.59,1181.38,16.55
28.317,29,27,1674.32,1267.4,0,0.0619698,0,1,0,0,0,7,60,4,1676.08,1564.41,12.52
28.323,37,52,1896.23,2151.51,17.9954,-1.67198,0,1,0,0,0,7,60,4,1207.84,938.595,27.28
28.337,56,20,1785.49,1041.14,0,0.0625552,0,1,0,0,0,7,60,4,1609.58,1132.22,11.26
28.34,60,19,1497.15,1007.14,0,0,0,0,0,0,0,7,60,0,1627.32,1914.18,1.47
28.3437,65,20,1719.13,979.98,0,0,0,0,0,0,0,7,60,0,1431.33,994.63,0
28.3533,78,18,1445.12,997.33,0,0.0630231,0,1,0,0,0,7,60,4,1371.85,1247.17,9.82
28.3593,86,36,1811.7,1646.39,11.3662,-1.65919,0,1,0,0,0,7,60,4,1391.6,1238.43,10.9
28.3659,95,26,1207.49,1330.82,12.4,1.92749,0,0,0,0,0,7,60,0,1418.07,805.78,0
28.3667,96,19,1621.09,1170.85,16.6288,1.16662,0,1,1,32,0.15,7,60,4,1219.84,1319.27,6.83
28.3704,101,10,1418.07,805.78,0,0,0,0,0,0,0,7,60,0,1730.82,941.03,0
28.3807,115,21,2076.17,1136.53,17.8084,1.53514,0,1,0,0,0,7,60,4,1462.3,1001.73,0
28.3815,116,27,1612.54,1307.6,13.87,2.80024,0,0,0,0,0,7,60,0,1866.29,1974.12,14.7
28.3896,127,46,2321.23,1878.77,0,0.0640358,0,1,0,0,0,7,60,4,1424.52,1217.28,21.01
28.3911,129,19,1459.93,998.13,0,0,0,0,0,0,0,7,60,0,2140.96,1181.65,16.55
28.417,29,27,1674.32,1267.4,0,0.0647729,0,1,0,0,0,7,60,4,1677.24,1563.96,12.52
28.423,37,52,1896.01,2150.17,17.9705,-1.66919,0,1,0,0,0,7,60,4,1210.51,939.161,27.28
28.437,56,20,1785.49,1041.14,0,0.0652957,0,1,0,0,0,7,60,4,1609.05,1131.22,11.26
28.44,60,19,1497.15,1007.14,0,0,0,0,0,0,0,7,60,0,1627.35,1914.32,1.47
28.4437,65,20,1719.13,979.98,0,0,0,0,0,0,0,7,60,0,1431.33,994.63,0
28.4533,78,18,1445.12,997.33,0,0.0657124,0,1,0,0,0,7,60,4,1372.71,1246.68,9.82
28.4593,86,36,1811.57,1645.55,11.3503,-1.65652,0,1,0,0,0,7,60,4,1392.36,1237.66,10.9
28.4659,95,26,1207.05,1331.98,12.4,1.92749,0,0,0,0,0,7,60,0,1418.07,805.78,0
28.4667,96,19,1621.65,1171.97,16.6055,1.16926,0,1,1,32,0.15,7,60,4,1220.26,1318.74,6.83
28.4704,101,10,1418.07,805.78,0,0,0,0,0,0,0,7,60,0,1730.82,941.03,0
28.4807,115,21,2076.3,1137.86,17.7832,1.53774,0,1,0,0,0,7,60,4,1462.3,1001.73,0
28.4815,116,27,1611.24,1308.06,13.87,2.80024,0,0,0,0,0,7,60,0,1866.04,1972.68,14.7
28.4896,127,46,2321.23,1878.77,0,0.0666096,0,1,0,0,0,7,60,4,1426.34,1216.24,21.01
28.4911,129,19,1459.93,998.13,0,0,0,0,0,0,0,7,60,0,2139.32,1181.91,16.55
28.517,29,27,1674.32,1267.4,0,0.0672586,0,1,0,0,0,7,60,4,1678.41,1563.5,12.52
28.523,37,52,1895.79,2148.84,17.9448,-1.66673,0,1,0,0,0,7,60,4,1213.18,939.728,27.28
28.537,56,20,1785.49,1041.14,0,0.0677166,0,1,0,0,0,7,60,4,1608.52,1130.23,11.26
28.54,60,19,1497.15,1007.14,0,0,0,0,0,0,0,7,60,0,1627.38,1914.47,1.47
28.5437,65,20,1719.13,979.98,0,0,0,0,0,0,0,7,60,0,1431.33,994.63,0
28.5533,78,18,1445.12,997.33,0,0.0680799,0,1,0,0,0,7,60,4,1373.56,1246.2,9.82
28.5593,86,36,1811.45,1644.7,11.3338,-1.65417,0,1,0,0,0,7,60,4,1393.13,1236.88,10.9
28.5659,95,26,1206.62,1333.15,12.4,1.92749,0,0,0,0,0,7,60,0,1418.07,805.78,0
28.5667,96,19,1622.22,1173.09,16.5813,1.17159,0,1,1,32,0.15,7,60,4,1220.69,1318.21,6.83
28.5704,101,10,1418.07,805.78,0,0,0,0,0,0,0,7,60,0,1730.82,941.03,0
28.5807,115,21,2076.43,1139.19,17.7572,1.54002,0,1,0,0,0,7,60,4,1462.3,1001.73,0
28.5815,116,27,1609.93,1308.53,13.87,2.80024,0,0,0,0,0,7,60,0,1865.79,1971.23,14.7
28.5896,127,46,2321.23,1878.77,0,0.0688575,0,1,0,0,0,7,60,4,1428.17,1215.2,21.01
28.5911,129,19,1459.93,998.13,0,0,0,0,0,0,0,7,60,0,2137.69,1182.18,16.55
28.617,29,27,1674.32,1267.4,0,0.069415,0,1,0,0,0,7,60,4,1679.58,1563.05,12.52
28.623,37,52,1895.57,2147.5,17.9181,-1.66459,0,1,0,0,0,7,60,4,1215.85,940.295,27.28
28.637,56,20,1785.49,1041.14,0,0.069806,0,1,0,0,0,7,60,4,1607.99,1129.24,11.26
28.64,60,19,1497.15,1007.14,0,0,0,0,0,0,0,7,60,0,1627.41,1914.61,1.47
28.6437,65,20,1719.13,979.98,0,0,0,0,0,0,0,7,60,0,1431.33,994.63,0
28.6533,78,18,1445.12,997.33,0,0.070114,0,1,0,0,0,7,60,4,1374.42,1245.71,9.82
28.6593,86,36,1811.32,1643.85,11.3167,-1.65216,0,1,0,0,0,7,60,4,1393.89,1236.1,10.9
28.6659,95,26,1206.19,1334.31,12.4,1.92749,0,0,0,0,0,7,60,0,1418.07,805.78,0
28.6667,96,19,1622.78,1174.2,16.5562,1.17358,0,1,1,32,0.15,7,60,4,1221.12,1317.67,6.83
28.6704,101,10,1418.07,805.78,0,0,0,0,0,0,0,7,60,0,1730.82,941.03,0
28.6807,115,21,2076.56,1140.53,17.7302,1.54196,0,1,0,0,0,7,60,4,1462.3,1001.73,0
28.6815,116,27,1608.62,1308.99,13.87,2.80024,0,0,0,0,0,7,60,0,1865.54,1969.78,14.7
28.6896,127,46,2321.23,1878.77,0,0.0707679,0,1,0,0,0,7,60,4,1429.99,1214.16,21.01
28.6911,129,19,1459.93,998.13,0,0,0,0,0,0,0,7,60,0,2136.06,1182.45,16.55
28.717,29,27,1674.32,1267.4,0,0.0712313,0,1,0,0,0,7,60,4,1680.74,1562.59,12.52
28.723,37,52,1895.35,2146.17,17.8905,-1.66279,0,1,0,0,0,7,60,4,1218.52,940.862,27.28
28.737,56,20,1785.49,1041.14,0,0.0715532,0,1,0,0,0,7,60,4,1607.45,1128.25,11.26
28.74,60,19,1497.15,1007.14,0,0,0,0,0,0,0,7,60,0,1627.44,1914.76,1.47
28.7437,65,20,1719.13,979.98,0,0,0,0,0,0,0,7,60,0,1431.33,994.63,0
28.7533,78,18,1445.12,997.33,0,0.0718049,0,1,0,0,0,7,60,4,1375.27,1245.23,9.82
28.7593,86,36,1811.19,1643.01,11.299,-1.65049,0,1,0,0,0,7,60,4,1394.65,1235.32,10.9
28.7659,95,26,1205.75,1335.47,12.4,1.92749,0,0,0,0,0,7,60,0,1418.07,805.78,0
28.7667,96,19,1623.34,1175.32,16.5303,1.17522,0,1,1,32,0.15,7,60,4,1221.54,1317.14,6.83
28.7704,101,10,1418.07,805.78,0,0,0,0,0,0,0,7,60,0,1730.82,941.03,0
28.7807,115,21,2076.7,1141.86,17.7024,1.54356,0,1,0,0,0,7,60,4,1462.3,1001.73,0
28.7815,116,27,1607.32,1309.46,13.87,2.80024,0,0,0,0,0,7,60,0,1865.29,1968.33,14.7
28.7896,127,46,2321.23,1878.77,0,0.0723319,0,1,0,0,0,7,60,4,1431.82,1213.12,21.01
28.7911,129,19,1459.93,998.13,0,0,0,0,0,0,0,7,60,0,2134.42,1182.71,16.55
28.817,29,27,1674.32,1267.4,0,0.072699,0,1,0,0,0,7,60,4,1681.91,1562.13,12.52
28.823,37,52,1895.13,2144.83,17.862,-1.66135,0,1,0,0,0,7,60,4,1221.18,941.429,27.28
28.837,56,20,1785.49,1041.14,0,0.0729499,0,1,0,0,0,7,60,4,1606.92,1127.26,11.26
28.84,60,19,1497.15,1007.14,0,0,0,0,0,0,0,7,60,0,1627.46,1914.9,1.47
28.8437,65,20,1719.13,979.98,0,0,0,0,0,0,0,7,60,0,1431.33,994.63,0
28.8533,78,18,1445.12,997.33,0,0.0731439,0,1,0,0,0,7,60,4,1376.12,1244.74,9.82
28.8593,86,36,1811.06,1642.16,11.2808,-1.64917,0,1,0,0,0,7,60,4,1395.42,1234.55,10.9
28.8659,95,26,1205.32,1336.63,12.4,1.92749,0,0,0,0,0,7,60,0,1418.07,805.78,0
28.8667,96,19,1623.91,1176.44,16.5036,1.17651,0,1,1,32,0.15,7,60,4,1221.97,1316.61,6.83
28.8704,101,10,1418.07,805.78,0,0,0,0,0,0,0,7,60,0,1730.82,941.03,0
28.8807,115,21,2076.83,1143.19,17.6737,1.5448,0,1,0,0,0,7,60,4,1462.3,1001.73,0
28.8815,116,27,1606.01,1309.92,13.87,2.80024,0,0,0,0,0,7,60,0,1865.05,1966.88,14.7
28.8896,127,46,2321.23,1878.77,0,0.0735414,0,1,0,0,0,7,60,4,1433.65,1212.08,21.01
28.8911,129,19,1459.93,998.13,0,0,0,0,0,0,0,7,60,0,2132.79,1182.98,16.55
28.917,29,27,1674.32,1267.4,0,0.0738104,0,1,0,0,0,7,60,4,1683.07,1561.68,12.52
28.923,37,52,1894.91,2143.5,17.8326,-1.66026,0,1,0,0,0,7,60,4,1223.85,941.995,27.28
28.937,56,20,1785.49,1041.14,0,0.0739894,0,1,0,0,0,7,60,4,1606.39,1126.26,11.26
28.94,60,19,1497.15,1007.14,0,0,0,0,0,0,0,7,60,0,1627.49,1915.05,1.47
28.9437,65,20,1719.13,979.98,0,0,0,0,0,0,0,7,60,0,1431.33,994.63,0
28.9533,78,18,1445.12,997.33,0,0.0741245,0,1,0,0,0,7,60,4,1376.98,1244.26,9.82
28.9593,86,36,1810.93,1641.32,11.2621,-1.64821,0,1,0,0,0,7,60,4,1396.18,1233.77,10.9
28.9659,95,26,1204.89,1337.79,12.4,1.92749,0,0,0,0,0,7,60,0,1418.07,805.78,0
28.9667,96,19,1624.47,1177.55,16.4762,1.17745,0,1,1,32,0.15,7,60,4,1222.4,1316.07,6.83
28.9704,101,10,1418.07,805.78,0,0,0,0,0,0,0,7,60,0,1730.82,941.03,0
28.9807,115,21,2076.96,1144.53,17.6441,1.54568,0,1,0,0,0,7,60,4,1462.3,1001.73,0
28.9815,116,27,1604.7,1310.39,13.87,2.80024,0,0,0,0,0,7,60,0,1864.8,1965.43,14.7
28.9896,127,46,2321.23,1878.77,0,0.0743909,0,1,0,0,0,7,60,4,1435.47,1211.04,21.01
28.9911,129,19,1459.93,998.13,0,0,0,0,0,0,0,7,60,0,2131.16,1183.24,16.55
